(0, 2);[1, 25, 26, 27, 54, 55, 83]
(0, 5);[0, 2, 3, 27, 28, 56, 57, 84]
(0, 7);[1, 3, 4, 5, 28, 29, 58, 59, 85]
(0, 8);[1, 2, 4, 5, 28, 29, 30, 58, 59, 60, 86]
(0, 9);[2, 3, 5, 6, 29, 30, 59, 60, 61]
(0, 10);[2, 3, 4, 6, 7, 29, 30, 31, 60, 61, 87]
(0, 12);[4, 5, 7, 8, 30, 31, 32, 33, 62]
(0, 13);[5, 6, 8, 31, 32, 33, 34, 62]
(0, 14);[6, 7, 9, 31, 32, 33, 34, 62, 89]
(0, 17);[8, 10, 11, 34, 35, 36, 37, 63, 64]
(0, 18);[9, 11, 35, 36, 37, 38, 64, 92]
(0, 19);[9, 10, 35, 36, 37, 38, 65]
(0, 24);[13, 39, 40, 41, 42, 43, 68, 69]
(0, 27);[12, 42, 43, 44, 70]
(0, 31);[15, 16, 45, 46, 72, 73, 98]
(0, 32);[14, 16, 17, 45, 46, 73, 74, 99]
(0, 33);[14, 15, 17, 18, 46, 47, 74]
(0, 35);[15, 16, 18, 19, 46, 47, 75, 100]
(0, 36);[16, 17, 19, 20, 47, 48, 75, 76]
(0, 38);[17, 18, 20, 21, 22, 48, 76, 77]
(0, 39);[18, 19, 21, 22, 48, 77]
(0, 40);[19, 20, 22, 48, 49, 77, 101]
(0, 41);[19, 20, 21, 49, 78, 102]
(0, 45);[24, 50, 79, 106]
(0, 48);[23, 51, 52, 80, 81, 109]
(1, 1);[0, 26, 27, 53, 54, 55, 82, 83]
(1, 2);[0, 25, 27, 53, 54, 55, 56, 83, 111]
(1, 3);[0, 1, 25, 26, 28, 54, 55, 56, 57, 83]
(1, 6);[1, 2, 3, 27, 29, 56, 57, 58, 59, 84, 85, 112]
(1, 9);[2, 3, 4, 5, 28, 30, 31, 58, 59, 60, 61, 86, 87]
(1, 10);[3, 4, 5, 6, 29, 31, 32, 59, 60, 61, 87, 88, 115]
(1, 12);[5, 6, 7, 8, 29, 30, 32, 33, 34, 61, 62, 88]
(1, 13);[6, 7, 8, 30, 31, 33, 34, 62, 89, 117]
(1, 14);[6, 7, 8, 31, 32, 34, 35, 62, 63, 89, 90]
(1, 15);[7, 8, 9, 31, 32, 33, 35, 36, 62, 63, 64, 89, 90, 91, 118]
(1, 17);[9, 10, 11, 33, 34, 36, 37, 38, 63, 64, 91, 92, 120]
(1, 18);[9, 10, 11, 34, 35, 37, 38, 63, 64, 65, 92]
(1, 19);[9, 10, 11, 35, 36, 38, 39, 64, 65, 66, 92]
(1, 20);[10, 11, 35, 36, 37, 39, 40, 65, 66, 67, 121]
(1, 22);[12, 37, 38, 40, 41, 42, 65, 66, 67, 68, 69, 93]
(1, 23);[12, 38, 39, 41, 42, 43, 66, 67, 68, 69, 93, 123]
(1, 24);[12, 39, 40, 42, 43, 44, 67, 68, 69, 70, 94]
(1, 25);[12, 13, 39, 40, 41, 43, 44, 68, 69, 70, 94, 95]
(1, 26);[12, 13, 40, 41, 42, 44, 69, 70, 94, 95, 124]
(1, 27);[13, 41, 42, 43, 45, 70, 71, 95, 96]
(1, 30);[14, 15, 44, 46, 71, 72, 73, 97, 98, 126]
(1, 33);[14, 15, 16, 17, 45, 47, 73, 74, 75, 99, 127]
(1, 35);[16, 17, 18, 46, 48, 74, 75, 76, 100]
(1, 38);[18, 19, 20, 21, 47, 76, 77, 129]
(1, 42);[21, 22, 50, 78, 102, 103, 104, 131]
(1, 44);[23, 49, 78, 79, 104, 105, 106]
(1, 48);[24, 52, 80, 81, 108, 109, 110]
(1, 49);[24, 51, 80, 81, 109, 110, 135]
(2, 0);[25, 26, 54, 55, 82, 83]
(2, 1);[0, 25, 26, 27, 53, 55, 56, 82, 83, 111, 136]
(2, 3);[0, 25, 26, 27, 53, 54, 56, 57, 83, 84, 111]
(2, 4);[1, 26, 27, 28, 54, 55, 57, 58, 83, 84, 137]
(2, 5);[1, 27, 28, 55, 56, 58, 59, 84, 85, 112]
(2, 7);[2, 3, 28, 29, 56, 57, 59, 60, 61, 84, 85, 86, 112, 113, 114]
(2, 8);[2, 3, 4, 28, 29, 30, 57, 58, 60, 61, 85, 86, 87, 113, 114]
(2, 9);[3, 4, 5, 29, 30, 58, 59, 61, 85, 86, 87, 88, 114, 115]
(2, 10);[4, 5, 29, 30, 31, 58, 59, 60, 62, 86, 87, 88, 115, 116]
(2, 13);[6, 7, 8, 31, 32, 33, 34, 61, 63, 88, 89, 90, 117, 140]
(2, 16);[9, 33, 34, 35, 36, 62, 64, 89, 90, 91, 92, 118, 119, 120, 141]
(2, 17);[9, 10, 34, 35, 36, 37, 63, 65, 90, 91, 92, 119, 120, 142]
(2, 20);[11, 36, 37, 38, 39, 64, 66, 67, 68, 92, 93, 121, 122, 145]
(2, 21);[37, 38, 39, 40, 65, 67, 68, 69, 93, 121, 122, 146]
(2, 22);[38, 39, 40, 41, 65, 66, 68, 69, 93, 122, 123]
(2, 23);[12, 39, 40, 41, 42, 65, 66, 67, 69, 70, 93, 94, 123]
(2, 24);[12, 39, 40, 41, 42, 43, 66, 67, 68, 70, 93, 94, 95, 123, 147]
(2, 26);[13, 41, 42, 43, 44, 68, 69, 71, 94, 95, 96, 124]
(2, 29);[44, 45, 70, 72, 73, 96, 97, 98, 125, 126]
(2, 30);[14, 45, 71, 73, 74, 96, 97, 98, 99, 125, 126, 150]
(2, 31);[14, 15, 45, 46, 71, 72, 74, 97, 98, 99, 126]
(2, 33);[15, 16, 46, 47, 72, 73, 75, 98, 99, 100, 127]
(2, 35);[17, 18, 46, 47, 74, 76, 100]
(2, 37);[18, 19, 47, 48, 75, 77, 100, 128, 129, 153]
(2, 39);[19, 20, 21, 48, 76, 78, 101, 102, 129, 130, 154]
(2, 42);[22, 49, 50, 77, 79, 101, 102, 103, 104, 105, 131, 155]
(2, 45);[23, 50, 78, 80, 104, 105, 106, 107, 108, 132, 133, 158]
(2, 48);[24, 51, 52, 79, 81, 107, 108, 109, 110, 134, 135, 160]
(2, 49);[24, 51, 52, 80, 108, 109, 110, 135]
(3, 0);[25, 53, 54, 83, 111, 136, 161]
(3, 2);[0, 25, 26, 27, 53, 54, 55, 56, 82, 84, 111, 136, 163]
(3, 5);[1, 28, 55, 56, 57, 58, 83, 85, 86, 112, 113, 137]
(3, 7);[2, 28, 57, 58, 59, 60, 84, 86, 87, 112, 113, 114, 164]
(3, 8);[3, 29, 58, 59, 60, 61, 84, 85, 87, 88, 112, 113, 114, 115]
(3, 10);[5, 29, 30, 59, 60, 61, 85, 86, 88, 114, 115, 116, 138]
(3, 11);[30, 31, 60, 61, 62, 86, 87, 89, 115, 116, 117, 138, 139]
(3, 14);[8, 32, 33, 34, 62, 63, 88, 90, 91, 117, 118, 119, 140]
(3, 15);[33, 34, 62, 63, 64, 89, 91, 92, 117, 118, 119, 120, 141]
(3, 16);[34, 35, 63, 64, 89, 90, 92, 118, 119, 120, 141, 142]
(3, 18);[10, 35, 36, 37, 63, 64, 65, 90, 91, 119, 120, 121, 142, 143, 144]
(3, 22);[39, 40, 65, 66, 67, 68, 69, 94, 121, 122, 123, 146]
(3, 25);[41, 42, 43, 68, 69, 70, 93, 95, 96, 123, 124, 147, 148, 171]
(3, 26);[42, 43, 44, 69, 70, 94, 96, 124, 148, 172]
(3, 28);[44, 70, 71, 72, 94, 95, 97, 98, 124, 125, 126, 149, 174]
(3, 30);[45, 71, 72, 73, 96, 98, 99, 125, 126, 150, 176]
(3, 31);[14, 45, 71, 72, 73, 74, 96, 97, 99, 125, 126, 127, 150, 151]
(3, 32);[15, 46, 72, 73, 74, 97, 98, 100, 126, 127, 151, 177]
(3, 35);[17, 47, 74, 75, 76, 99, 127, 128, 152, 179]
(3, 40);[21, 77, 78, 102, 103, 104, 129, 130, 131, 154]
(3, 41);[22, 49, 77, 78, 101, 103, 104, 105, 130, 131, 155, 181]
(3, 42);[49, 78, 101, 102, 104, 105, 106, 130, 131, 155, 156, 182]
(3, 43);[49, 50, 78, 79, 101, 102, 103, 105, 106, 107, 131, 132, 155, 156, 157, 183]
(3, 44);[50, 78, 79, 102, 103, 104, 106, 107, 108, 131, 132, 133, 156, 157, 158]
(3, 45);[23, 50, 79, 103, 104, 105, 107, 108, 109, 132, 133, 134, 157, 158, 159, 184]
(3, 46);[79, 80, 104, 105, 106, 108, 109, 110, 132, 133, 134, 158, 159, 185]
(3, 47);[51, 79, 80, 81, 105, 106, 107, 109, 110, 132, 133, 134, 135, 159, 160, 186]
(3, 48);[24, 51, 52, 80, 81, 106, 107, 108, 110, 133, 134, 135, 160]
(3, 49);[51, 52, 80, 81, 107, 108, 109, 134, 135, 160]
(4, 2);[26, 54, 55, 82, 83, 136, 137, 162, 163]
(4, 6);[28, 57, 58, 84, 85, 86, 113, 114, 137, 164]
(4, 7);[58, 59, 84, 85, 86, 112, 114, 115, 164]
(4, 8);[58, 59, 60, 85, 86, 87, 112, 113, 115, 116, 164, 191]
(4, 10);[30, 60, 61, 86, 87, 88, 113, 114, 116, 117, 138, 139]
(4, 11);[61, 87, 88, 114, 115, 117, 138, 139, 140, 193]
(4, 13);[32, 62, 88, 89, 90, 115, 116, 118, 119, 138, 139, 140, 165]
(4, 15);[34, 63, 89, 90, 91, 117, 119, 120, 140, 141, 142]
(4, 16);[63, 64, 89, 90, 91, 92, 117, 118, 120, 141, 142, 143, 166]
(4, 17);[35, 63, 64, 90, 91, 92, 118, 119, 121, 141, 142, 143, 144, 166, 195]
(4, 20);[38, 65, 66, 92, 93, 120, 122, 123, 143, 144, 145, 146, 167, 168, 197]
(4, 21);[65, 66, 67, 93, 121, 123, 144, 145, 146, 167, 168, 198]
(4, 23);[40, 67, 68, 69, 93, 94, 121, 122, 124, 146, 147, 148, 169, 170]
(4, 26);[43, 70, 94, 95, 96, 123, 125, 147, 148, 149, 171, 172, 173, 201]
(4, 29);[71, 72, 96, 97, 98, 124, 126, 149, 150, 174, 175, 176]
(4, 30);[45, 71, 72, 73, 96, 97, 98, 99, 125, 127, 149, 150, 151, 175, 176]
(4, 33);[46, 74, 98, 99, 100, 126, 151, 177, 178]
(4, 37);[76, 100, 129, 130, 152, 153, 154, 203]
(4, 38);[48, 76, 77, 101, 128, 130, 152, 153, 154, 180]
(4, 40);[77, 101, 102, 103, 128, 129, 131, 154, 155, 180, 181]
(4, 42);[49, 78, 101, 102, 103, 104, 105, 130, 132, 155, 156, 157, 181, 182, 183, 205]
(4, 45);[79, 104, 105, 106, 107, 108, 131, 133, 134, 156, 157, 158, 159, 184, 185, 207]
(4, 46);[79, 105, 106, 107, 108, 109, 132, 134, 135, 157, 158, 159, 160, 184, 185, 186, 208]
(4, 47);[80, 106, 107, 108, 109, 110, 132, 133, 135, 158, 159, 160, 185, 186, 209]
(4, 49);[52, 80, 81, 108, 109, 110, 133, 134, 160]
(5, 1);[54, 82, 83, 111, 137, 161, 162, 163, 187, 210]
(5, 4);[56, 84, 111, 112, 136, 163, 188, 189, 190, 211]
(5, 11);[87, 88, 115, 116, 117, 139, 140, 165, 193, 194]
(5, 12);[88, 115, 116, 117, 138, 140, 165, 193, 194, 216]
(5, 13);[62, 89, 116, 117, 118, 138, 139, 141, 165, 194, 217]
(5, 16);[63, 90, 91, 118, 119, 120, 140, 142, 143, 144, 166, 195]
(5, 17);[64, 91, 92, 118, 119, 120, 141, 143, 144, 145, 166, 195, 196]
(5, 18);[92, 119, 120, 121, 141, 142, 144, 145, 146, 166, 167, 195, 196, 219]
(5, 19);[92, 120, 121, 122, 141, 142, 143, 145, 146, 166, 167, 168, 196, 197]
(5, 20);[65, 121, 122, 142, 143, 144, 146, 167, 168, 197, 198, 220]
(5, 21);[66, 93, 121, 122, 123, 143, 144, 145, 147, 167, 168, 169, 197, 198, 199]
(5, 24);[69, 94, 123, 124, 146, 148, 169, 170, 171, 172, 200, 222]
(5, 25);[94, 95, 123, 124, 147, 149, 169, 170, 171, 172, 173, 200, 201, 223]
(5, 28);[96, 124, 125, 126, 148, 150, 172, 173, 174, 175, 176, 225]
(5, 30);[72, 97, 98, 125, 126, 149, 151, 174, 175, 176, 177, 226]
(5, 32);[98, 99, 126, 127, 150, 176, 177, 178, 227]
(5, 36);[100, 128, 129, 153, 154, 178, 179, 202, 203]
(5, 37);[76, 128, 129, 152, 154, 179, 180, 202, 203, 231]
(5, 39);[77, 101, 128, 129, 130, 152, 153, 155, 180, 181, 233]
(5, 42);[78, 102, 103, 104, 130, 131, 154, 156, 157, 158, 181, 182, 183, 204, 205, 234]
(5, 43);[103, 104, 105, 131, 132, 155, 157, 158, 159, 181, 182, 183, 184, 205, 206, 235]
(5, 44);[104, 105, 106, 131, 132, 133, 155, 156, 158, 159, 182, 183, 184, 185, 206, 207]
(5, 45);[79, 105, 106, 107, 132, 133, 134, 155, 156, 157, 159, 160, 183, 184, 185, 186, 206, 207, 208, 236]
(5, 46);[106, 107, 108, 132, 133, 134, 156, 157, 158, 160, 184, 185, 186, 207, 208, 209]
(5, 48);[80, 108, 109, 110, 133, 134, 135, 158, 159, 185, 186, 209]
(6, 0);[82, 136, 162, 163, 187, 210]
(6, 1);[111, 136, 161, 163, 187, 188, 210]
(6, 2);[83, 111, 136, 137, 161, 162, 187, 188, 189, 210, 239]
(6, 7);[85, 112, 113, 114, 190, 191, 192, 212, 213, 214, 242]
(6, 13);[117, 138, 139, 140, 193, 194, 216, 217]
(6, 17);[119, 120, 141, 142, 143, 144, 167, 195, 196, 219]
(6, 20);[121, 122, 143, 144, 145, 146, 166, 168, 169, 196, 197, 198, 199, 220, 246]
(6, 21);[121, 122, 144, 145, 146, 167, 169, 170, 197, 198, 199, 220, 221, 247]
(6, 23);[123, 146, 147, 148, 167, 168, 170, 171, 172, 198, 199, 200, 221, 222]
(6, 24);[123, 147, 148, 168, 169, 171, 172, 173, 199, 200, 201, 222, 223]
(6, 25);[94, 124, 147, 148, 169, 170, 172, 173, 174, 200, 201, 222, 223, 224, 249]
(6, 26);[95, 124, 147, 148, 149, 169, 170, 171, 173, 174, 175, 200, 201, 223, 224]
(6, 27);[124, 148, 149, 170, 171, 172, 174, 175, 176, 201, 224, 225]
(6, 28);[96, 125, 149, 150, 171, 172, 173, 175, 176, 201, 225, 250]
(6, 29);[125, 126, 149, 150, 172, 173, 174, 176, 177, 225, 226]
(6, 30);[97, 125, 126, 149, 150, 151, 173, 174, 175, 177, 226]
(6, 32);[99, 127, 150, 151, 175, 176, 178, 179, 227, 228]
(6, 34);[127, 151, 152, 177, 179, 202, 228, 229, 230]
(6, 35);[100, 152, 153, 177, 178, 202, 203, 229, 230, 252]
(6, 39);[129, 130, 153, 154, 181, 182, 203, 204, 232, 233, 255]
(6, 41);[102, 130, 131, 154, 155, 156, 180, 182, 183, 204, 205, 234]
(6, 42);[103, 131, 155, 156, 157, 180, 181, 183, 184, 204, 205, 206, 234, 235, 257]
(6, 43);[104, 131, 155, 156, 157, 158, 181, 182, 184, 185, 204, 205, 206, 207, 234, 235, 258]
(6, 45);[106, 132, 133, 156, 157, 158, 159, 182, 183, 185, 186, 206, 207, 208, 209, 236]
(6, 46);[107, 132, 133, 134, 157, 158, 159, 160, 183, 184, 186, 206, 207, 208, 209, 236, 237, 260]
(6, 47);[108, 133, 134, 158, 159, 160, 184, 185, 207, 208, 209, 237]
(7, 0);[136, 161, 162, 163, 188, 210, 262]
(7, 3);[137, 162, 163, 187, 189, 190, 210, 211, 239, 240, 265]
(7, 4);[137, 163, 188, 190, 211, 212, 240, 266]
(7, 5);[137, 164, 188, 189, 191, 211, 212, 213, 241]
(7, 8);[114, 164, 190, 192, 193, 212, 213, 214, 215, 242, 243, 269]
(7, 9);[164, 191, 193, 194, 213, 214, 215, 243, 270]
(7, 11);[116, 138, 139, 165, 191, 192, 194, 215, 216, 217, 244, 272]
(7, 12);[138, 139, 140, 165, 192, 193, 216, 217, 244]
(7, 17);[120, 141, 142, 143, 166, 196, 197, 218, 219, 245, 276]
(7, 18);[142, 143, 144, 166, 167, 195, 197, 198, 219, 220, 277]
(7, 20);[121, 144, 145, 146, 167, 168, 195, 196, 198, 199, 219, 220, 221, 246, 247]
(7, 21);[122, 145, 146, 167, 168, 169, 196, 197, 199, 200, 220, 221, 246, 247, 248, 279]
(7, 22);[146, 167, 168, 169, 170, 197, 198, 200, 220, 221, 222, 247, 248]
(7, 24);[147, 148, 169, 170, 171, 172, 198, 199, 201, 221, 222, 223, 224, 249, 280]
(7, 26);[124, 148, 170, 171, 172, 173, 174, 200, 222, 223, 224, 225, 249, 282]
(7, 36);[152, 153, 178, 179, 203, 229, 230, 231, 232, 252, 253]
(7, 37);[128, 152, 153, 179, 180, 202, 230, 231, 232, 233, 253, 254]
(7, 41);[155, 180, 181, 182, 183, 205, 206, 233, 234, 235, 256, 257]
(7, 42);[131, 155, 156, 181, 182, 183, 204, 206, 207, 234, 235, 257, 258]
(7, 44);[156, 157, 158, 182, 183, 184, 185, 204, 205, 207, 208, 209, 234, 235, 236, 258, 259, 289]
(7, 45);[132, 157, 158, 159, 183, 184, 185, 186, 205, 206, 208, 209, 235, 236, 237, 259, 260, 290]
(7, 46);[133, 158, 159, 184, 185, 186, 206, 207, 209, 236, 237, 260, 291]
(7, 47);[134, 159, 160, 184, 185, 186, 206, 207, 208, 236, 237, 238, 260, 292]
(8, 1);[136, 161, 162, 163, 187, 188, 211, 239, 240, 262, 263, 264]
(8, 4);[137, 188, 189, 190, 210, 212, 213, 239, 240, 241, 265, 266]
(8, 6);[164, 189, 190, 191, 211, 213, 214, 215, 241, 242, 243, 267, 268]
(8, 7);[164, 190, 191, 192, 211, 212, 214, 215, 241, 242, 243, 267, 268, 269]
(8, 8);[164, 191, 192, 212, 213, 215, 241, 242, 243, 268, 269, 270, 298]
(8, 9);[191, 192, 193, 212, 213, 214, 216, 242, 243, 244, 269, 270, 271, 299]
(8, 12);[139, 165, 193, 194, 215, 217, 218, 244, 272, 273]
(8, 13);[140, 165, 193, 194, 216, 218, 244, 273]
(8, 15);[195, 216, 217, 219, 245, 274, 275]
(8, 18);[143, 166, 195, 196, 197, 218, 220, 245, 246, 276, 277, 278]
(8, 20);[145, 167, 168, 196, 197, 198, 199, 219, 221, 246, 247, 248, 278, 279, 302]
(8, 22);[168, 169, 197, 198, 199, 200, 220, 222, 223, 246, 247, 248, 279, 303]
(8, 24);[147, 169, 170, 171, 199, 200, 201, 221, 223, 224, 248, 249, 280, 281]
(8, 25);[148, 170, 171, 172, 200, 201, 221, 222, 224, 225, 249, 280, 281, 282]
(8, 26);[171, 172, 173, 200, 201, 222, 223, 225, 249, 250, 281, 282]
(8, 28);[149, 173, 174, 175, 201, 223, 224, 226, 250, 283]
(8, 30);[150, 175, 176, 225, 227, 228, 250, 283, 284, 285, 305]
(8, 32);[151, 177, 226, 228, 229, 230, 251, 285, 286, 287]
(8, 33);[177, 178, 226, 227, 229, 230, 251, 252, 286, 287, 306]
(8, 34);[178, 179, 202, 227, 228, 230, 231, 251, 252, 287]
(8, 35);[178, 179, 202, 203, 227, 228, 229, 231, 232, 251, 252, 253, 307]
(8, 37);[153, 202, 203, 229, 230, 232, 233, 252, 253, 254, 255, 288]
(8, 38);[180, 202, 203, 230, 231, 233, 253, 254, 255, 256, 288]
(8, 39);[154, 180, 203, 204, 231, 232, 234, 253, 254, 255, 256, 288]
(8, 42);[155, 181, 182, 183, 204, 205, 206, 233, 235, 236, 256, 257, 258, 259, 310]
(8, 43);[156, 182, 183, 204, 205, 206, 207, 234, 236, 257, 258, 259, 289, 311]
(8, 45);[158, 184, 185, 206, 207, 208, 209, 234, 235, 237, 258, 259, 260, 289, 290, 291]
(8, 47);[185, 186, 207, 208, 209, 236, 238, 260, 261, 291, 292, 293]
(8, 49);[209, 237, 261, 293, 294, 314]
(9, 2);[163, 188, 210, 211, 240, 262, 263, 264, 265, 266, 296, 316]
(9, 3);[188, 189, 210, 211, 239, 241, 263, 264, 265, 266, 296, 317]
(9, 6);[190, 211, 212, 213, 214, 240, 242, 243, 266, 267, 268, 269, 297]
(9, 7);[164, 191, 212, 213, 214, 215, 241, 243, 267, 268, 269, 270, 298]
(9, 8);[191, 192, 212, 213, 214, 215, 241, 242, 244, 267, 268, 269, 270, 271, 298, 299]
(9, 11);[193, 194, 215, 216, 217, 243, 270, 271, 272, 273, 321]
(9, 16);[195, 218, 219, 274, 275, 276, 277, 300, 324]
(9, 20);[167, 197, 198, 219, 220, 221, 247, 248, 277, 278, 279, 301, 302, 326]
(9, 21);[168, 197, 198, 199, 220, 221, 246, 248, 278, 279, 302, 303, 327]
(9, 22);[198, 199, 220, 221, 222, 246, 247, 249, 279, 280, 303, 328]
(9, 25);[171, 200, 201, 222, 223, 224, 248, 250, 280, 281, 282, 329]
(9, 28);[174, 224, 225, 226, 249, 282, 283, 284, 304, 331]
(9, 33);[227, 228, 229, 230, 252, 285, 286, 287, 306]
(9, 35);[179, 202, 228, 229, 230, 231, 251, 253, 254, 287, 307, 308, 334]
(9, 37);[202, 203, 230, 231, 232, 233, 252, 254, 255, 256, 288, 308, 335]
(9, 38);[203, 231, 232, 233, 252, 253, 255, 256, 288]
(9, 39);[180, 231, 232, 233, 253, 254, 256, 257, 288]
(9, 40);[204, 232, 233, 234, 253, 254, 255, 257, 258, 288, 309]
(9, 42);[182, 204, 205, 234, 235, 255, 256, 258, 259, 289, 309, 310, 311]
(9, 43);[183, 205, 206, 234, 235, 236, 256, 257, 259, 260, 289, 290, 310, 311, 312, 336]
(9, 44);[206, 207, 234, 235, 236, 257, 258, 260, 289, 290, 291, 311, 312]
(9, 46);[185, 207, 208, 209, 236, 237, 258, 259, 261, 289, 290, 291, 292, 293]
(9, 49);[237, 238, 260, 292, 293, 294, 313, 314, 339]
(10, 0);[187, 210, 239, 263, 264, 265, 295, 296, 315]
(10, 1);[210, 239, 240, 262, 264, 265, 266, 295, 296, 315, 316, 340]
(10, 2);[210, 239, 240, 262, 263, 265, 266, 295, 296, 316, 317, 341]
(10, 3);[188, 211, 239, 240, 262, 263, 264, 266, 267, 296, 297, 316, 317]
(10, 4);[189, 211, 239, 240, 241, 263, 264, 265, 267, 268, 296, 297, 317, 318]
(10, 6);[212, 213, 241, 242, 243, 265, 266, 268, 269, 270, 297, 298, 318]
(10, 7);[212, 213, 214, 241, 242, 243, 266, 267, 269, 270, 271, 297, 298, 299, 343]
(10, 8);[191, 213, 214, 215, 241, 242, 243, 267, 268, 270, 271, 272, 298, 299, 319]
(10, 9);[192, 214, 215, 242, 243, 244, 267, 268, 269, 271, 272, 298, 299, 319, 320]
(10, 10);[215, 243, 244, 268, 269, 270, 272, 273, 298, 299, 319, 320, 321]
(10, 11);[193, 216, 244, 269, 270, 271, 273, 299, 320, 321, 344]
(10, 13);[216, 217, 244, 271, 272, 274, 275, 322, 346]
(10, 15);[218, 245, 273, 275, 276, 277, 300, 323, 324, 348]
(10, 16);[218, 245, 273, 274, 276, 277, 278, 300, 323, 324]
(10, 17);[195, 219, 245, 274, 275, 277, 278, 300, 301, 324, 325]
(10, 18);[196, 219, 245, 246, 274, 275, 276, 278, 279, 300, 301, 302, 325]
(10, 19);[219, 220, 246, 247, 275, 276, 277, 279, 301, 302, 325, 326]
(10, 21);[198, 220, 221, 246, 247, 248, 277, 278, 280, 301, 302, 303, 326, 327, 328]
(10, 24);[200, 222, 223, 248, 249, 279, 281, 282, 303, 329]
(10, 25);[222, 223, 224, 249, 280, 282, 304, 329]
(10, 26);[201, 223, 224, 249, 250, 280, 281, 283, 304, 329, 330]
(10, 29);[225, 226, 250, 282, 284, 285, 286, 304, 305, 331, 332, 349]
(10, 30);[226, 250, 283, 285, 286, 287, 305, 332, 350]
(10, 31);[226, 227, 251, 283, 284, 286, 287, 305, 306, 332]
(10, 32);[227, 228, 251, 283, 284, 285, 287, 305, 306]
(10, 33);[227, 228, 229, 251, 252, 284, 285, 286, 306, 307, 333, 351]
(10, 38);[231, 232, 233, 253, 254, 255, 256, 308, 335]
(10, 44);[206, 235, 236, 257, 258, 259, 260, 290, 291, 292, 310, 311, 312, 336, 337]
(10, 45);[207, 236, 258, 259, 260, 289, 291, 292, 293, 311, 312, 337, 355]
(10, 46);[208, 236, 237, 259, 260, 289, 290, 292, 293, 294, 312, 313, 337, 338]
(10, 47);[209, 237, 260, 261, 289, 290, 291, 293, 294, 313, 314, 338]
(10, 48);[237, 238, 260, 261, 290, 291, 292, 294, 313, 314, 338, 339]
(10, 49);[238, 261, 291, 292, 293, 313, 314, 339, 356]
(11, 0);[262, 263, 264, 296, 315, 316, 340]
(11, 2);[239, 240, 262, 263, 264, 265, 266, 295, 297, 315, 316, 317, 340, 341, 358]
(11, 5);[241, 265, 266, 267, 268, 296, 298, 317, 318, 342]
(11, 8);[214, 242, 243, 267, 268, 269, 270, 271, 297, 299, 319, 320, 343, 360]
(11, 9);[215, 243, 268, 269, 270, 271, 272, 298, 319, 320, 321]
(11, 16);[245, 274, 275, 276, 277, 301, 323, 324, 325, 348, 364]
(11, 19);[246, 276, 277, 278, 279, 300, 302, 303, 325, 326, 327, 366]
(11, 20);[220, 246, 247, 277, 278, 279, 301, 303, 325, 326, 327, 328, 367]
(11, 22);[221, 247, 248, 279, 280, 301, 302, 326, 327, 328, 368]
(11, 27);[250, 281, 282, 283, 305, 329, 330, 331, 372]
(11, 30);[226, 283, 284, 285, 286, 304, 306, 331, 332, 349, 350]
(11, 33);[228, 251, 285, 286, 287, 305, 307, 308, 333, 334, 351, 374]
(11, 35);[230, 252, 287, 306, 308, 333, 334, 335, 352, 353, 375]
(11, 36);[252, 253, 288, 306, 307, 333, 334, 335, 352, 353]
(11, 41);[256, 257, 310, 311, 312, 336, 377]
(11, 42);[234, 257, 258, 289, 309, 311, 312, 336, 354, 378]
(11, 43);[235, 257, 258, 259, 289, 290, 309, 310, 312, 336, 337, 354]
(11, 44);[258, 259, 289, 290, 291, 309, 310, 311, 336, 337, 354, 355, 379]
(11, 48);[261, 291, 292, 293, 294, 314, 338, 339, 356, 382]
(11, 49);[238, 261, 292, 293, 294, 313, 338, 339, 356, 383]
(12, 0);[262, 263, 295, 296, 316, 317, 340, 341, 357]
(12, 2);[239, 263, 264, 265, 295, 296, 315, 317, 318, 340, 341, 357, 358, 359]
(12, 3);[240, 264, 265, 266, 296, 297, 315, 316, 318, 340, 341, 342, 358, 359, 385]
(12, 5);[266, 267, 297, 316, 317, 342, 343, 386]
(12, 9);[269, 270, 271, 298, 299, 320, 321, 343, 344, 360]
(12, 10);[270, 271, 272, 298, 299, 319, 321, 322, 344, 345, 361]
(12, 11);[244, 271, 272, 299, 319, 320, 322, 344, 345, 346, 361, 362, 389]
(12, 13);[273, 320, 321, 323, 324, 344, 345, 346, 347, 348, 362, 363]
(12, 15);[274, 275, 300, 322, 324, 325, 346, 347, 348, 364, 390]
(12, 16);[245, 274, 275, 276, 300, 322, 323, 325, 347, 348, 364, 391]
(12, 18);[276, 277, 278, 300, 301, 302, 323, 324, 326, 327, 365, 366, 393]
(12, 20);[246, 278, 279, 301, 302, 303, 325, 327, 328, 366, 367]
(12, 21);[247, 279, 301, 302, 303, 325, 326, 328, 367, 368, 394]
(12, 22);[248, 279, 302, 303, 326, 327, 329, 368, 369]
(12, 25);[249, 280, 281, 282, 304, 328, 330, 331, 370, 371, 397]
(12, 27);[282, 304, 329, 331, 332, 349, 371, 372]
(12, 28);[250, 283, 304, 305, 329, 330, 332, 349, 350, 372]
(12, 30);[283, 284, 285, 305, 330, 331, 349, 350, 399]
(12, 34);[287, 306, 307, 308, 334, 335, 351, 352, 353, 374, 375]
(12, 35);[252, 306, 307, 308, 333, 335, 351, 352, 353, 375]
(12, 37);[253, 288, 307, 308, 333, 334, 352, 353, 376, 403]
(12, 43);[258, 289, 309, 310, 311, 312, 337, 354, 355, 378, 379]
(12, 45);[289, 290, 291, 311, 312, 336, 338, 354, 355, 379, 380, 408]
(12, 47);[291, 292, 293, 313, 314, 337, 339, 355, 356, 380, 381, 382, 409]
(12, 49);[261, 293, 294, 313, 314, 338, 356, 382, 383, 411]
(13, 1);[263, 295, 296, 315, 316, 317, 341, 357, 358, 359, 384]
(13, 2);[264, 296, 315, 316, 317, 340, 342, 357, 358, 359, 384, 385]
(13, 5);[297, 317, 318, 341, 343, 359, 386]
(13, 7);[268, 298, 318, 319, 342, 360, 387, 388, 414]
(13, 11);[272, 319, 320, 321, 322, 345, 346, 347, 361, 362, 363, 389]
(13, 12);[320, 321, 322, 344, 346, 347, 348, 361, 362, 363, 389]
(13, 13);[273, 321, 322, 323, 344, 345, 347, 348, 361, 362, 363, 416]
(13, 14);[322, 323, 324, 344, 345, 346, 348, 362, 363, 364, 390, 417]
(13, 15);[274, 300, 322, 323, 324, 345, 346, 347, 363, 364, 390, 391]
(13, 29);[283, 305, 330, 331, 332, 350, 372, 399, 427]
(13, 30);[284, 305, 331, 332, 349, 351, 373, 399, 400]
(13, 33);[287, 306, 333, 334, 350, 352, 353, 373, 374, 375, 401, 402, 429]
(13, 35);[307, 308, 333, 334, 335, 351, 353, 374, 375, 376, 431]
(13, 36);[307, 308, 333, 334, 335, 351, 352, 375, 376, 403, 432]
(13, 43);[310, 311, 312, 336, 337, 355, 377, 378, 379, 407, 435]
(13, 45);[290, 312, 336, 337, 338, 354, 379, 380, 381, 408, 437]
(13, 49);[294, 313, 314, 338, 339, 381, 382, 383, 410, 411]
(14, 1);[315, 316, 340, 341, 358, 359, 384, 385, 412]
(14, 2);[296, 316, 317, 340, 341, 357, 359, 384, 385, 413]
(14, 3);[316, 317, 340, 341, 342, 357, 358, 384, 385, 386, 413, 440]
(14, 8);[298, 319, 343, 361, 387, 388, 414, 415, 444]
(14, 11);[320, 321, 344, 345, 346, 360, 362, 363, 389, 447]
(14, 12);[321, 322, 344, 345, 346, 347, 361, 363, 389, 416, 448]
(14, 13);[322, 344, 345, 346, 347, 348, 361, 362, 364, 389, 390, 416, 417, 449]
(14, 16);[300, 323, 324, 347, 348, 363, 365, 366, 390, 391, 392, 393, 418, 419, 452]
(14, 18);[325, 364, 366, 367, 391, 392, 393, 419, 453]
(14, 19);[301, 325, 326, 364, 365, 367, 368, 392, 393, 394, 420]
(14, 20);[302, 326, 327, 365, 366, 368, 369, 393, 394, 420, 421]
(14, 22);[303, 327, 328, 366, 367, 369, 370, 394, 395, 396, 421, 422, 423]
(14, 23);[328, 367, 368, 370, 371, 394, 395, 396, 397, 422, 423, 455]
(14, 24);[329, 368, 369, 371, 372, 395, 396, 397, 398, 423, 424]
(14, 26);[329, 330, 369, 370, 372, 396, 397, 398, 424, 425]
(14, 27);[304, 330, 331, 349, 370, 371, 397, 398, 425, 426]
(14, 32);[350, 351, 374, 375, 399, 400, 401, 402, 428, 429]
(14, 33);[306, 333, 351, 352, 373, 375, 400, 401, 402, 428, 429, 430, 460]
(14, 35);[307, 333, 334, 351, 352, 353, 373, 374, 376, 402, 403, 430, 431, 432]
(14, 37);[335, 352, 353, 375, 403, 404, 432, 433, 462]
(14, 41);[309, 354, 378, 379, 405, 406, 407, 434, 465]
(14, 42);[310, 336, 354, 377, 379, 405, 406, 407, 434, 435, 466]
(14, 44);[312, 336, 337, 354, 355, 377, 378, 380, 381, 407, 408, 435, 436, 437]
(14, 46);[337, 338, 355, 379, 381, 382, 383, 408, 409, 410, 437, 438]
(14, 47);[338, 355, 356, 379, 380, 382, 383, 408, 409, 410, 411, 438, 439, 467]
(14, 48);[313, 338, 339, 356, 380, 381, 383, 409, 410, 411, 438, 439, 468]
(14, 49);[314, 339, 356, 380, 381, 382, 409, 410, 411, 439, 469]
(15, 1);[340, 341, 357, 358, 359, 385, 412, 413]
(15, 3);[317, 341, 357, 358, 359, 384, 386, 413, 440, 441, 471]
(15, 5);[318, 342, 359, 385, 387, 388, 413, 414, 441, 442, 443, 472]
(15, 7);[343, 360, 386, 388, 414, 415, 443, 444, 473]
(15, 8);[343, 360, 386, 387, 389, 414, 415, 444, 445]
(15, 11);[321, 344, 345, 361, 362, 363, 388, 415, 416, 446, 447, 448]
(15, 15);[323, 347, 348, 363, 364, 391, 392, 393, 416, 417, 418, 419, 450, 451, 452]
(15, 16);[324, 348, 364, 365, 390, 392, 393, 417, 418, 419, 451, 452]
(15, 17);[364, 365, 366, 390, 391, 393, 418, 419, 452, 453, 474]
(15, 18);[325, 364, 365, 366, 367, 390, 391, 392, 394, 418, 419, 420, 453, 475]
(15, 21);[327, 366, 367, 368, 369, 393, 395, 396, 420, 421, 422, 423, 454]
(15, 23);[368, 369, 370, 394, 396, 397, 398, 421, 422, 423, 424, 455, 479]
(15, 24);[368, 369, 370, 371, 394, 395, 397, 398, 422, 423, 424, 425, 455, 456]
(15, 25);[329, 369, 370, 371, 372, 395, 396, 398, 423, 424, 425, 456, 480]
(15, 26);[370, 371, 372, 395, 396, 397, 424, 425, 426, 456, 481]
(15, 30);[332, 349, 350, 373, 400, 401, 402, 426, 427, 428, 458, 459]
(15, 31);[350, 373, 374, 399, 401, 402, 427, 428, 429, 459, 483]
(15, 32);[351, 373, 374, 399, 400, 402, 428, 429, 430, 459, 460, 484]
(15, 33);[351, 373, 374, 375, 399, 400, 401, 428, 429, 430, 431, 460, 461]
(15, 37);[335, 353, 375, 376, 404, 405, 431, 432, 433, 462, 463]
(15, 38);[376, 403, 405, 406, 432, 433, 462, 463, 487]
(15, 40);[377, 378, 403, 404, 406, 407, 434, 464, 465]
(15, 41);[377, 378, 404, 405, 407, 434, 435, 464, 465, 466, 489]
(15, 42);[354, 377, 378, 379, 405, 406, 408, 434, 435, 436, 465, 466, 490]
(15, 45);[337, 355, 379, 380, 381, 407, 409, 410, 435, 436, 437, 438, 493]
(15, 47);[338, 380, 381, 382, 383, 408, 410, 411, 437, 438, 439, 467, 468, 495]
(15, 48);[356, 380, 381, 382, 383, 408, 409, 411, 438, 439, 467, 468, 469, 496]
(15, 49);[339, 356, 381, 382, 383, 409, 410, 438, 439, 468, 469]
(16, 0);[357, 384, 413]
(16, 3);[358, 359, 384, 385, 386, 412, 440, 441, 442, 470, 471, 499]
(16, 7);[343, 360, 386, 387, 388, 415, 442, 443, 444, 445, 473, 501]
(16, 9);[360, 387, 388, 389, 414, 444, 445, 446, 447, 503]
(16, 13);[346, 362, 363, 389, 390, 417, 418, 447, 448, 449, 450, 451, 507]
(16, 14);[347, 363, 390, 391, 416, 418, 419, 448, 449, 450, 451, 452, 508]
(16, 16);[364, 390, 391, 392, 393, 416, 417, 419, 450, 451, 452, 453, 474, 509]
(16, 17);[364, 365, 390, 391, 392, 393, 417, 418, 420, 451, 452, 453, 474, 475]
(16, 20);[366, 367, 393, 394, 419, 421, 422, 423, 453, 454, 476, 477, 510]
(16, 21);[367, 368, 394, 395, 420, 422, 423, 454, 455, 477, 478]
(16, 22);[368, 369, 394, 395, 396, 420, 421, 423, 424, 454, 455, 478, 479, 511]
(16, 23);[368, 369, 370, 394, 395, 396, 397, 420, 421, 422, 424, 425, 454, 455, 456, 478, 479]
(16, 25);[370, 371, 395, 396, 397, 398, 422, 423, 425, 426, 455, 456, 480, 481, 513]
(16, 26);[371, 372, 396, 397, 398, 423, 424, 426, 427, 456, 457, 480, 481, 514]
(16, 28);[372, 398, 399, 424, 425, 427, 457, 458, 482, 515]
(16, 29);[349, 399, 400, 425, 426, 428, 457, 458, 459, 482, 516]
(16, 32);[373, 374, 399, 400, 401, 402, 427, 429, 430, 431, 459, 460, 461, 483, 484, 518]
(16, 33);[351, 373, 374, 400, 401, 402, 428, 430, 431, 432, 459, 460, 461, 484, 485, 519]
(16, 34);[374, 375, 401, 402, 428, 429, 431, 432, 433, 460, 461, 485, 520]
(16, 35);[352, 375, 402, 403, 428, 429, 430, 432, 433, 460, 461, 462, 485, 486, 521]
(16, 36);[353, 375, 376, 403, 404, 429, 430, 431, 433, 461, 462, 463, 486]
(16, 37);[376, 403, 404, 430, 431, 432, 462, 463, 486, 487]
(16, 42);[377, 378, 405, 406, 407, 435, 436, 437, 464, 465, 466, 489, 490, 491]
(16, 43);[354, 378, 379, 406, 407, 408, 434, 436, 437, 465, 466, 490, 491, 492]
(16, 44);[379, 407, 408, 434, 435, 437, 438, 466, 491, 492, 493]
(16, 45);[355, 379, 380, 408, 409, 434, 435, 436, 438, 439, 467, 492, 493, 494]
(16, 47);[380, 381, 382, 408, 409, 410, 411, 436, 437, 439, 467, 468, 469, 494, 495, 496]
(16, 48);[381, 382, 383, 409, 410, 411, 437, 438, 467, 468, 469, 495, 496]
(17, 3);[359, 385, 413, 441, 442, 443, 470, 471, 472, 498, 499, 526]
(17, 4);[385, 386, 413, 440, 442, 443, 470, 471, 472, 499, 500, 527]
(17, 5);[386, 413, 414, 440, 441, 443, 444, 471, 472, 473, 500, 528]
(17, 6);[386, 387, 414, 440, 441, 442, 444, 445, 472, 473, 500, 501]
(17, 8);[360, 387, 388, 414, 415, 442, 443, 445, 446, 447, 473, 501, 502, 503]
(17, 9);[388, 414, 415, 443, 444, 446, 447, 448, 473, 502, 503, 504, 529]
(17, 10);[389, 415, 444, 445, 447, 448, 449, 503, 504, 505]
(17, 11);[361, 389, 415, 416, 444, 445, 446, 448, 449, 450, 504, 505, 506, 530]
(17, 12);[362, 389, 416, 417, 445, 446, 447, 449, 450, 451, 505, 506, 507]
(17, 13);[363, 416, 417, 446, 447, 448, 450, 451, 452, 506, 507, 508, 531]
(17, 14);[390, 416, 417, 418, 447, 448, 449, 451, 452, 507, 508]
(17, 15);[390, 391, 416, 417, 418, 419, 448, 449, 450, 452, 453, 474, 508, 509]
(17, 16);[364, 390, 391, 392, 417, 418, 419, 449, 450, 451, 453, 474, 475, 509, 532]
(17, 18);[365, 392, 393, 418, 419, 420, 451, 452, 454, 474, 475, 476, 477, 533]
(17, 21);[394, 420, 421, 422, 423, 453, 455, 476, 477, 478, 479, 510, 511, 534]
(17, 23);[369, 395, 396, 421, 422, 423, 424, 454, 456, 478, 479, 480, 511, 512]
(17, 25);[396, 397, 398, 423, 424, 425, 455, 457, 479, 480, 481, 512, 513, 514]
(17, 28);[425, 426, 427, 456, 458, 459, 481, 482, 515, 516, 536]
(17, 29);[399, 426, 427, 457, 459, 482, 483, 515, 516, 517, 537]
(17, 31);[399, 400, 401, 427, 428, 429, 457, 458, 460, 461, 482, 483, 484, 517, 518]
(17, 33);[374, 401, 402, 428, 429, 430, 431, 459, 461, 483, 484, 485, 518, 519, 520, 539]
(17, 34);[402, 428, 429, 430, 431, 432, 459, 460, 462, 484, 485, 486, 519, 520, 521]
(17, 37);[376, 403, 404, 431, 432, 433, 461, 463, 464, 486, 487, 488, 522, 541]
(17, 38);[403, 404, 432, 433, 462, 464, 465, 486, 487, 488, 522]
(17, 40);[405, 406, 434, 462, 463, 465, 466, 487, 488, 489, 490, 523]
(17, 41);[377, 405, 406, 407, 434, 435, 463, 464, 466, 488, 489, 490, 491, 523, 542]
(17, 42);[378, 406, 407, 434, 435, 436, 464, 465, 489, 490, 491, 492]
(17, 47);[381, 409, 410, 437, 438, 439, 468, 469, 493, 494, 495, 496]
(17, 48);[382, 409, 410, 411, 438, 439, 467, 469, 494, 495, 496]
(17, 49);[383, 410, 411, 438, 439, 467, 468, 495, 496]
(18, 2);[413, 440, 441, 471, 472, 497, 498, 499, 524, 525, 526, 547]
(18, 3);[385, 413, 440, 441, 442, 470, 472, 497, 498, 499, 500, 525, 526, 527, 548]
(18, 5);[386, 440, 441, 442, 443, 470, 471, 473, 499, 500, 501, 527, 528, 550]
(18, 7);[387, 414, 442, 443, 444, 445, 472, 500, 501, 502, 503, 551]
(18, 17);[392, 418, 419, 451, 452, 453, 475, 476, 477, 509, 532, 533]
(18, 18);[393, 419, 452, 453, 474, 476, 477, 509, 510, 533, 558]
(18, 19);[420, 453, 454, 474, 475, 477, 478, 510, 533]
(18, 20);[420, 421, 453, 454, 474, 475, 476, 478, 479, 510, 511, 534]
(18, 22);[421, 422, 423, 454, 455, 476, 477, 479, 480, 510, 511, 512, 534]
(18, 23);[395, 422, 423, 454, 455, 456, 477, 478, 480, 481, 511, 512, 513, 560]
(18, 25);[397, 424, 425, 455, 456, 478, 479, 481, 512, 513, 514, 561]
(18, 26);[398, 424, 425, 456, 457, 479, 480, 482, 512, 513, 514, 515, 535, 562]
(18, 29);[426, 427, 457, 458, 459, 481, 483, 484, 515, 516, 517, 536, 537, 564]
(18, 31);[400, 428, 458, 459, 460, 482, 484, 485, 516, 517, 518, 519, 538]
(18, 32);[401, 428, 429, 459, 460, 461, 482, 483, 485, 517, 518, 519, 520, 538, 539]
(18, 34);[429, 430, 431, 460, 461, 483, 484, 486, 518, 519, 520, 521, 539, 540]
(18, 36);[431, 432, 433, 461, 462, 463, 485, 487, 488, 520, 521, 522, 540, 541]
(18, 38);[404, 433, 462, 463, 464, 486, 488, 489, 522, 523, 541]
(18, 39);[462, 463, 464, 465, 486, 487, 489, 490, 522, 523]
(18, 41);[406, 434, 464, 465, 466, 487, 488, 490, 491, 492, 523, 542, 569]
(18, 42);[407, 434, 435, 464, 465, 466, 488, 489, 491, 492, 493, 523, 542, 570]
(18, 43);[434, 435, 436, 465, 466, 489, 490, 492, 493, 494]
(18, 44);[435, 436, 437, 466, 489, 490, 491, 493, 494, 495, 543]
(18, 45);[408, 436, 437, 467, 490, 491, 492, 494, 495, 496, 543, 544]
(18, 46);[437, 438, 467, 468, 491, 492, 493, 495, 496, 543, 544, 571]
(18, 47);[409, 438, 439, 467, 468, 469, 492, 493, 494, 496, 544, 572]
(18, 48);[410, 438, 439, 467, 468, 469, 493, 494, 495]
(19, 1);[470, 471, 498, 499, 524, 525, 526, 545, 546, 547]
(19, 2);[440, 470, 471, 497, 499, 500, 524, 525, 526, 527, 546, 547, 548, 573]
(19, 3);[413, 440, 441, 470, 471, 472, 497, 498, 500, 524, 525, 526, 527, 528, 547, 548, 549, 574]
(19, 5);[441, 442, 443, 471, 472, 473, 498, 499, 501, 502, 526, 527, 528, 549, 550, 575]
(19, 7);[414, 443, 444, 472, 473, 500, 502, 503, 504, 528, 529, 551, 552]
(19, 8);[444, 445, 473, 500, 501, 503, 504, 505, 529, 551, 552, 553]
(19, 9);[415, 444, 445, 446, 473, 501, 502, 504, 505, 506, 529, 530, 552, 553, 576]
(19, 10);[445, 446, 447, 501, 502, 503, 505, 506, 507, 529, 530, 553, 554, 577]
(19, 11);[446, 447, 448, 502, 503, 504, 506, 507, 508, 529, 530, 531, 554, 578]
(19, 12);[447, 448, 449, 503, 504, 505, 507, 508, 530, 531, 554, 555, 579]
(19, 13);[416, 448, 449, 450, 504, 505, 506, 508, 509, 530, 531, 555]
(19, 14);[417, 449, 450, 451, 505, 506, 507, 509, 531, 532, 555, 556]
(19, 16);[418, 451, 452, 474, 475, 507, 508, 532, 533, 556, 557]
(19, 20);[420, 454, 475, 476, 477, 478, 511, 533, 534, 559]
(19, 22);[422, 454, 455, 477, 478, 479, 510, 512, 513, 534, 559, 560]
(19, 24);[455, 456, 478, 479, 480, 481, 511, 513, 514, 560, 561, 583]
(19, 25);[424, 456, 479, 480, 481, 511, 512, 514, 515, 535, 561, 562, 584]
(19, 26);[425, 456, 480, 481, 512, 513, 515, 516, 535, 536, 561, 562, 563]
(19, 28);[426, 457, 458, 481, 482, 513, 514, 516, 517, 535, 536, 537, 563, 564]
(19, 29);[427, 457, 458, 482, 483, 514, 515, 517, 518, 535, 536, 537, 564, 565, 586]
(19, 30);[458, 459, 482, 483, 484, 515, 516, 518, 519, 536, 537, 538, 564, 565]
(19, 32);[428, 459, 460, 483, 484, 485, 516, 517, 519, 520, 521, 538, 539, 566, 588]
(19, 33);[429, 460, 461, 483, 484, 485, 517, 518, 520, 521, 538, 539, 540, 566, 589]
(19, 34);[430, 460, 461, 484, 485, 486, 518, 519, 521, 538, 539, 540, 566, 567]
(19, 35);[431, 461, 485, 486, 518, 519, 520, 522, 539, 540, 541, 567]
(19, 38);[462, 463, 486, 487, 488, 521, 523, 541, 591]
(19, 40);[464, 465, 487, 488, 489, 490, 522, 542, 568, 569]
(20, 1);[470, 497, 498, 499, 525, 526, 527, 545, 546, 547, 548, 573]
(20, 2);[470, 471, 497, 498, 499, 524, 526, 527, 528, 545, 546, 547, 548, 549, 573, 574]
(20, 3);[440, 470, 471, 497, 498, 499, 500, 524, 525, 527, 528, 546, 547, 548, 549, 550, 573, 574]
(20, 4);[441, 471, 472, 498, 499, 500, 524, 525, 526, 528, 547, 548, 549, 550, 574, 575, 600]
(20, 5);[442, 472, 499, 500, 501, 525, 526, 527, 548, 549, 550, 551, 575]
(20, 9);[445, 501, 502, 503, 504, 505, 530, 551, 552, 553, 554, 576, 577]
(20, 11);[447, 503, 504, 505, 506, 507, 529, 531, 553, 554, 555, 577, 578, 579, 604]
(20, 13);[449, 505, 506, 507, 508, 530, 532, 554, 555, 556, 579, 606]
(20, 16);[452, 474, 508, 509, 531, 533, 556, 557, 558, 580, 608]
(20, 18);[453, 474, 475, 476, 509, 510, 532, 534, 557, 558, 581]
(20, 21);[454, 477, 478, 510, 511, 533, 559, 560]
(20, 27);[481, 513, 514, 515, 516, 536, 537, 561, 562, 563, 564, 585]
(20, 28);[457, 482, 514, 515, 516, 517, 535, 537, 562, 563, 564, 565, 585, 586, 611]
(20, 29);[458, 482, 515, 516, 517, 535, 536, 538, 563, 564, 565, 586]
(20, 32);[483, 484, 517, 518, 519, 520, 537, 539, 540, 565, 566, 587, 588, 589]
(20, 33);[460, 484, 485, 518, 519, 520, 521, 538, 540, 566, 567, 588, 589]
(20, 35);[485, 486, 519, 520, 521, 538, 539, 541, 566, 567, 590]
(20, 37);[462, 486, 487, 521, 522, 540, 567, 590, 591]
(20, 41);[465, 489, 490, 523, 568, 569, 570, 593, 616]
(20, 45);[492, 493, 494, 544, 571, 572, 595, 596, 597]
(20, 46);[493, 494, 495, 543, 571, 572, 596, 597]
(21, 0);[497, 524, 525, 546, 547, 548, 573, 599, 620]
(21, 1);[497, 498, 524, 525, 526, 545, 547, 548, 549, 573, 574, 599, 621]
(21, 2);[470, 497, 498, 499, 524, 525, 526, 527, 545, 546, 548, 549, 550, 573, 574, 622]
(21, 3);[471, 498, 499, 524, 525, 526, 527, 528, 545, 546, 547, 549, 550, 573, 574, 575, 600, 623]
(21, 4);[499, 500, 525, 526, 527, 528, 546, 547, 548, 550, 551, 573, 574, 575, 600]
(21, 5);[472, 500, 526, 527, 528, 547, 548, 549, 551, 552, 574, 575, 600, 601]
(21, 7);[473, 501, 502, 528, 529, 549, 550, 552, 553, 575, 576, 601, 602, 603]
(21, 8);[501, 502, 503, 529, 550, 551, 553, 554, 576, 577, 602, 603, 625]
(21, 9);[502, 503, 504, 529, 530, 551, 552, 554, 576, 577, 578, 603, 626]
(21, 11);[504, 505, 506, 529, 530, 531, 552, 553, 555, 576, 577, 578, 579, 604, 605, 627]
(21, 13);[506, 507, 508, 530, 531, 554, 556, 557, 578, 579, 580, 605, 606, 629]
(21, 15);[508, 509, 531, 532, 555, 557, 558, 580, 607, 608]
(21, 16);[509, 532, 533, 555, 556, 558, 580, 581, 607, 608, 609, 630]
(21, 18);[475, 532, 533, 556, 557, 559, 581, 609, 631]
(21, 21);[510, 511, 534, 558, 560, 582, 633]
(21, 23);[479, 511, 512, 534, 559, 561, 562, 582, 583, 584, 635]
(21, 25);[480, 512, 513, 514, 535, 560, 562, 563, 582, 583, 584, 585, 610, 636]
(21, 26);[481, 513, 514, 535, 536, 560, 561, 563, 564, 583, 584, 585, 610]
(21, 27);[514, 515, 535, 536, 537, 561, 562, 564, 565, 584, 585, 586, 611]
(21, 29);[482, 515, 516, 517, 535, 536, 537, 562, 563, 565, 585, 586, 587, 611, 612, 637]
(21, 30);[516, 517, 536, 537, 538, 563, 564, 566, 586, 587, 588, 612, 613]
(21, 33);[518, 519, 520, 538, 539, 540, 565, 567, 587, 588, 589, 640]
(21, 35);[520, 521, 539, 540, 541, 566, 589, 590, 642]
(21, 40);[523, 542, 569, 570, 591, 592, 593, 614, 615, 616]
(21, 41);[489, 523, 542, 568, 570, 592, 593, 594, 615, 616]
(21, 42);[490, 542, 568, 569, 593, 594, 595, 616, 617]
(21, 46);[494, 543, 544, 572, 595, 596, 597, 598, 648]
(21, 47);[495, 543, 544, 571, 596, 597, 598, 649]
(22, 2);[498, 524, 525, 526, 545, 546, 547, 548, 549, 574, 575, 599, 600, 621, 622, 623]
(22, 3);[499, 525, 526, 527, 546, 547, 548, 549, 550, 573, 575, 600, 622, 623]
(22, 5);[500, 527, 528, 548, 549, 550, 551, 573, 574, 600, 601, 602, 624]
(22, 9);[503, 529, 551, 552, 553, 554, 577, 578, 579, 602, 603, 604, 625, 626, 656]
(22, 10);[504, 529, 530, 552, 553, 554, 576, 578, 579, 603, 604, 605, 626, 627]
(22, 11);[505, 530, 553, 554, 555, 576, 577, 579, 604, 605, 606, 627, 628]
(22, 12);[506, 530, 531, 554, 555, 576, 577, 578, 580, 604, 605, 606, 627, 628, 629, 657]
(22, 15);[532, 555, 556, 557, 579, 581, 606, 607, 608, 609, 630, 659]
(22, 18);[533, 557, 558, 580, 608, 609, 631]
(22, 23);[559, 560, 561, 583, 584, 610, 634, 635, 663]
(22, 24);[512, 560, 561, 562, 582, 584, 585, 610, 635, 636, 664]
(22, 25);[513, 560, 561, 562, 563, 582, 583, 585, 610, 636, 665]
(22, 27);[535, 536, 561, 562, 563, 564, 583, 584, 586, 610, 611, 667]
(22, 29);[516, 536, 537, 563, 564, 565, 585, 587, 588, 611, 612, 613, 637]
(22, 31);[538, 564, 565, 566, 586, 588, 589, 612, 613, 638, 639, 668]
(22, 32);[518, 538, 539, 565, 566, 586, 587, 589, 612, 613, 638, 639, 640, 669]
(22, 33);[519, 538, 539, 566, 567, 587, 588, 590, 613, 639, 640, 641]
(22, 36);[540, 541, 567, 589, 591, 592, 642, 643, 644]
(22, 38);[522, 541, 568, 590, 592, 614, 615, 644, 645, 671]
(22, 39);[568, 569, 590, 591, 593, 614, 615, 616, 645]
(22, 42);[542, 568, 569, 570, 592, 594, 595, 596, 615, 616, 617, 618, 672]
(22, 43);[569, 570, 593, 595, 596, 597, 616, 617, 618, 646, 673]
(22, 44);[543, 570, 571, 593, 594, 596, 597, 617, 618, 646, 647, 674]
(22, 45);[543, 544, 571, 572, 593, 594, 595, 597, 598, 617, 618, 646, 647, 648]
(22, 46);[543, 544, 571, 572, 594, 595, 596, 598, 618, 647, 648, 649]
(22, 48);[571, 572, 596, 597, 619, 649, 650, 651, 676]
(23, 0);[545, 546, 573, 620, 621, 622, 652, 678]
(23, 4);[527, 548, 549, 550, 573, 574, 575, 601, 602, 622, 623, 624, 653, 680]
(23, 6);[550, 551, 575, 600, 602, 603, 624, 625, 654, 655, 682]
(23, 7);[551, 552, 575, 576, 600, 601, 603, 624, 625, 626, 654, 655]
(23, 8);[551, 552, 553, 576, 577, 601, 602, 604, 624, 625, 626, 655, 656, 683]
(23, 11);[530, 554, 576, 577, 578, 579, 603, 605, 606, 626, 627, 628, 629, 657]
(23, 12);[554, 555, 577, 578, 579, 604, 606, 607, 627, 628, 629, 657, 658, 685]
(23, 13);[531, 555, 578, 579, 580, 604, 605, 607, 608, 627, 628, 629, 657, 658, 686]
(23, 15);[556, 557, 580, 605, 606, 608, 609, 629, 630, 659, 660, 687]
(23, 16);[532, 556, 557, 580, 581, 606, 607, 609, 630, 631, 659, 660, 661, 688]
(23, 17);[557, 558, 580, 581, 607, 608, 630, 631, 660, 661, 689]
(23, 25);[561, 562, 582, 583, 584, 585, 611, 635, 636, 664, 665, 666]
(23, 28);[536, 563, 564, 585, 586, 610, 612, 613, 637, 667, 694]
(23, 30);[564, 565, 586, 587, 588, 611, 613, 637, 638, 639, 668, 696]
(23, 31);[565, 586, 587, 588, 589, 611, 612, 637, 638, 639, 640, 668, 669]
(23, 39);[568, 591, 592, 615, 616, 644, 645, 671, 702]
(23, 40);[568, 569, 591, 592, 593, 614, 616, 617, 645, 703]
(23, 41);[542, 568, 569, 570, 592, 593, 594, 614, 615, 617, 618, 672, 704]
(23, 43);[570, 593, 594, 595, 596, 615, 616, 618, 646, 647, 672, 673, 674, 706]
(23, 44);[593, 594, 595, 596, 597, 616, 617, 646, 647, 648, 673, 674]
(23, 49);[598, 649, 650, 651, 676, 677, 709]
(24, 0);[545, 599, 621, 622, 623, 652, 678, 710]
(24, 1);[546, 573, 599, 620, 622, 623, 652, 678, 679]
(24, 2);[547, 573, 574, 599, 600, 620, 621, 623, 652, 653, 679, 711]
(24, 3);[548, 573, 574, 600, 620, 621, 622, 624, 653, 679, 680]
(24, 6);[575, 600, 601, 602, 603, 623, 625, 626, 653, 654, 655, 681, 682, 712]
(24, 8);[552, 576, 601, 602, 603, 624, 626, 627, 654, 655, 656, 683, 714]
(24, 9);[553, 576, 577, 602, 603, 604, 624, 625, 627, 628, 655, 656, 683, 684]
(24, 11);[554, 577, 578, 579, 604, 605, 606, 625, 626, 628, 629, 656, 657, 658, 684, 685]
(24, 12);[578, 579, 604, 605, 606, 626, 627, 629, 657, 658, 685, 686]
(24, 13);[555, 579, 604, 605, 606, 607, 627, 628, 630, 657, 658, 659, 685, 686]
(24, 16);[557, 580, 607, 608, 609, 629, 631, 659, 660, 661, 687, 688, 689]
(24, 18);[558, 581, 608, 609, 630, 632, 633, 660, 661, 662, 689, 718]
(24, 20);[631, 633, 634, 635, 662]
(24, 21);[559, 631, 632, 634, 635, 662, 663, 690, 720]
(24, 22);[582, 632, 633, 635, 636, 663, 664, 690, 691, 721]
(24, 23);[560, 582, 583, 610, 632, 633, 634, 636, 663, 664, 665, 690, 691, 692]
(24, 25);[561, 583, 584, 610, 634, 635, 663, 664, 665, 666, 667, 692, 693]
(24, 29);[564, 586, 611, 612, 613, 638, 639, 667, 668, 694, 695, 696]
(24, 31);[587, 588, 612, 613, 637, 639, 640, 641, 668, 669, 696, 725]
(24, 32);[587, 588, 589, 612, 613, 637, 638, 640, 641, 642, 668, 669, 697]
(24, 33);[566, 588, 589, 613, 638, 639, 641, 642, 643, 668, 669, 697, 698]
(24, 34);[589, 638, 639, 640, 642, 643, 644, 669, 697, 698, 699, 726]
(24, 35);[567, 590, 639, 640, 641, 643, 644, 645, 670, 698, 699, 700]
(24, 36);[590, 640, 641, 642, 644, 645, 670, 671, 699, 700, 727]
(24, 37);[590, 591, 614, 641, 642, 643, 645, 670, 671, 700, 701]
(24, 38);[591, 592, 614, 615, 642, 643, 644, 670, 671, 701, 702]
(24, 44);[594, 595, 596, 617, 618, 647, 648, 649, 672, 673, 674, 706, 729]
(24, 45);[595, 596, 597, 617, 618, 646, 648, 649, 650, 673, 674, 675, 730]
(24, 46);[571, 596, 597, 618, 646, 647, 649, 650, 651, 674, 675, 676, 707, 731]
(24, 47);[572, 597, 598, 619, 646, 647, 648, 650, 651, 675, 676, 677, 707, 708, 732]
(24, 48);[598, 619, 647, 648, 649, 651, 675, 676, 677, 707, 708, 709]
(24, 49);[598, 619, 648, 649, 650, 675, 676, 677, 708, 709, 733]
(25, 0);[599, 620, 621, 622, 678, 679, 710, 734]
(25, 4);[600, 622, 623, 624, 654, 655, 679, 680, 681, 682, 737]
(25, 6);[601, 602, 624, 625, 653, 655, 656, 680, 681, 682, 683, 712, 713, 739]
(25, 7);[601, 602, 603, 624, 625, 626, 653, 654, 656, 681, 682, 683, 712, 713, 714]
(25, 9);[576, 603, 625, 626, 627, 654, 655, 657, 683, 684, 714, 741]
(25, 12);[579, 604, 605, 606, 627, 628, 629, 656, 658, 659, 684, 685, 686, 743]
(25, 13);[605, 606, 627, 628, 629, 657, 659, 660, 685, 686, 687, 715, 744]
(25, 15);[580, 607, 608, 629, 630, 657, 658, 660, 661, 686, 687, 688, 689, 715, 716, 745]
(25, 16);[607, 608, 609, 630, 631, 658, 659, 661, 662, 687, 688, 689, 716, 717]
(25, 17);[608, 609, 630, 631, 659, 660, 662, 687, 688, 689, 717, 718, 746]
(25, 19);[631, 632, 633, 660, 661, 689, 718, 719, 748]
(25, 23);[582, 633, 634, 635, 636, 664, 665, 666, 690, 691, 692, 721, 749]
(25, 24);[583, 610, 634, 635, 636, 663, 665, 666, 667, 690, 691, 692, 693, 750]
(25, 25);[584, 610, 635, 636, 663, 664, 666, 667, 691, 692, 693, 722, 751]
(25, 26);[610, 636, 663, 664, 665, 667, 692, 693, 694, 722, 723]
(25, 27);[585, 611, 636, 637, 664, 665, 666, 693, 694, 695, 722, 723]
(25, 31);[587, 612, 613, 637, 638, 639, 640, 669, 695, 696, 697, 724, 725]
(25, 32);[588, 613, 638, 639, 640, 641, 668, 696, 697, 698, 725, 754]
(25, 37);[642, 643, 644, 645, 671, 699, 700, 701, 702, 727, 757]
(25, 38);[591, 614, 643, 644, 645, 670, 700, 701, 702, 703]
(25, 42);[593, 616, 617, 646, 673, 674, 703, 704, 705, 706, 728, 760]
(25, 43);[594, 617, 618, 646, 647, 672, 674, 704, 705, 706, 729, 761]
(25, 44);[595, 617, 618, 646, 647, 648, 672, 673, 675, 705, 706, 729, 730]
(25, 47);[647, 648, 649, 650, 651, 674, 676, 677, 707, 708, 709, 731, 732, 763]
(25, 48);[598, 619, 648, 649, 650, 651, 675, 677, 707, 708, 709, 732, 733]
(25, 49);[619, 649, 650, 651, 675, 676, 707, 708, 709, 733]
(26, 0);[599, 620, 621, 652, 679, 710, 711, 734]
(26, 2);[621, 622, 623, 652, 653, 678, 680, 681, 710, 711, 735, 736, 764]
(26, 4);[600, 623, 653, 654, 679, 681, 682, 711, 712, 736, 737, 738, 766]
(26, 5);[624, 653, 654, 655, 679, 680, 682, 683, 712, 713, 737, 738, 739]
(26, 6);[601, 624, 653, 654, 655, 680, 681, 683, 712, 713, 714, 738, 739, 767]
(26, 8);[603, 625, 626, 654, 655, 656, 681, 682, 684, 712, 713, 714, 740, 741, 768]
(26, 10);[626, 627, 656, 657, 683, 685, 686, 714, 741, 742, 769]
(26, 12);[605, 627, 628, 629, 657, 658, 684, 686, 687, 715, 742, 743, 744]
(26, 13);[606, 628, 629, 657, 658, 659, 684, 685, 687, 688, 715, 716, 743, 744, 771]
(26, 15);[607, 630, 658, 659, 660, 661, 685, 686, 688, 689, 715, 716, 717, 745]
(26, 16);[608, 630, 659, 660, 661, 686, 687, 689, 715, 716, 717, 718, 745, 746]
(26, 17);[609, 630, 631, 659, 660, 661, 662, 687, 688, 716, 717, 718, 719, 746, 747]
(26, 22);[633, 634, 635, 663, 664, 691, 692, 720, 721, 749, 774]
(26, 23);[634, 635, 663, 664, 665, 690, 692, 693, 720, 721, 749, 750]
(26, 24);[635, 636, 663, 664, 665, 666, 690, 691, 693, 721, 722, 749, 750, 751, 775]
(26, 26);[636, 664, 665, 666, 667, 691, 692, 694, 695, 722, 723, 751]
(26, 28);[611, 637, 666, 667, 693, 695, 696, 722, 723, 724, 752]
(26, 29);[637, 667, 668, 693, 694, 696, 723, 724, 725, 752, 753]
(26, 30);[612, 637, 638, 668, 669, 694, 695, 697, 724, 725, 753, 776]
(26, 33);[639, 640, 641, 668, 669, 696, 698, 699, 700, 725, 726, 754, 755]
(26, 34);[640, 641, 642, 669, 697, 699, 700, 726, 727, 755, 779]
(26, 35);[641, 642, 643, 670, 697, 698, 700, 701, 726, 727, 755, 756]
(26, 36);[642, 643, 644, 670, 671, 697, 698, 699, 701, 702, 726, 727, 756, 757]
(26, 38);[644, 645, 670, 671, 699, 700, 702, 703, 704, 727, 757, 758, 781]
(26, 39);[614, 645, 670, 671, 700, 701, 703, 704, 705, 728, 758, 782]
(26, 40);[615, 671, 672, 701, 702, 704, 705, 706, 728, 758, 759, 783]
(26, 41);[616, 672, 673, 701, 702, 703, 705, 706, 728, 759, 760]
(26, 42);[672, 673, 674, 702, 703, 704, 706, 728, 729, 759, 760, 761, 784]
(26, 43);[617, 646, 672, 673, 674, 703, 704, 705, 728, 729, 730, 760, 761]
(26, 47);[648, 649, 650, 675, 676, 677, 708, 709, 730, 731, 732, 733, 762, 763]
(26, 48);[649, 650, 651, 675, 676, 677, 707, 709, 731, 732, 733, 763]
(26, 49);[619, 650, 651, 675, 676, 677, 707, 708, 732, 733]
(27, 0);[620, 652, 678, 679, 711, 734, 735, 787]
(27, 2);[622, 678, 679, 680, 710, 734, 735, 736, 737, 764, 765, 789]
(27, 6);[624, 654, 655, 680, 681, 682, 683, 713, 714, 737, 738, 739, 740, 767]
(27, 7);[654, 655, 681, 682, 683, 712, 714, 738, 739, 740, 741, 767, 768]
(27, 8);[625, 655, 656, 682, 683, 684, 712, 713, 739, 740, 741, 768, 791]
(27, 14);[658, 659, 685, 686, 687, 688, 716, 717, 743, 744, 745, 771, 793]
(27, 15);[659, 660, 686, 687, 688, 689, 715, 717, 718, 744, 745, 746, 794]
(27, 17);[660, 661, 687, 688, 689, 715, 716, 718, 719, 745, 746, 747, 748, 772, 795]
(27, 18);[631, 661, 662, 688, 689, 716, 717, 719, 720, 746, 747, 748, 772, 796]
(27, 19);[662, 689, 717, 718, 720, 721, 746, 747, 748, 772]
(27, 21);[633, 690, 691, 718, 719, 721, 748, 749, 773, 774, 798]
(27, 22);[634, 663, 690, 691, 692, 719, 720, 749, 750, 773, 774]
(27, 26);[665, 666, 667, 692, 693, 694, 723, 750, 751, 752]
(27, 27);[666, 667, 693, 694, 695, 722, 724, 751, 752]
(27, 30);[668, 694, 695, 696, 723, 725, 752, 753, 754, 776, 777, 802]
(27, 31);[638, 668, 669, 695, 696, 697, 724, 726, 753, 754, 776, 777, 778, 803]
(27, 34);[641, 697, 698, 699, 700, 725, 727, 754, 755, 756, 779]
(27, 36);[643, 670, 698, 699, 700, 701, 726, 755, 756, 757, 780, 805]
(27, 41);[672, 702, 703, 704, 705, 706, 729, 758, 759, 760, 761, 783, 784, 806]
(27, 44);[646, 673, 674, 705, 706, 728, 730, 731, 732, 760, 761, 762, 785]
(27, 45);[647, 674, 706, 707, 729, 731, 732, 761, 762, 763, 785, 786]
(27, 46);[648, 675, 707, 708, 729, 730, 732, 733, 762, 763, 785, 786, 808]
(27, 47);[649, 675, 676, 707, 708, 709, 729, 730, 731, 733, 762, 763, 786, 809]
(27, 49);[651, 676, 677, 707, 708, 709, 731, 732, 763]
(28, 0);[652, 678, 710, 711, 735, 736, 764, 787, 788]
(28, 2);[679, 710, 711, 734, 736, 737, 738, 764, 765, 766, 788, 789]
(28, 3);[679, 680, 711, 734, 735, 737, 738, 739, 764, 765, 766, 789]
(28, 4);[653, 680, 681, 711, 712, 735, 736, 738, 739, 764, 765, 766, 767, 790]
(28, 5);[680, 681, 682, 712, 713, 735, 736, 737, 739, 740, 765, 766, 767, 790]
(28, 6);[654, 681, 682, 712, 713, 714, 736, 737, 738, 740, 741, 766, 767, 768, 790, 812]
(28, 8);[683, 712, 713, 714, 738, 739, 741, 742, 767, 768, 769, 791]
(28, 9);[656, 683, 684, 713, 714, 739, 740, 742, 743, 768, 769, 770, 791]
(28, 11);[684, 685, 740, 741, 743, 744, 769, 770, 771, 792, 814]
(28, 12);[657, 685, 686, 715, 741, 742, 744, 745, 769, 770, 771, 792, 815]
(28, 13);[658, 685, 686, 715, 716, 742, 743, 745, 770, 771, 792, 793]
(28, 15);[659, 687, 688, 715, 716, 717, 743, 744, 746, 747, 771, 793, 794]
(28, 17);[661, 688, 689, 716, 717, 718, 719, 745, 747, 748, 772, 795, 796]
(28, 18);[689, 717, 718, 719, 745, 746, 748, 772, 795, 796]
(28, 19);[662, 717, 718, 719, 720, 746, 747, 772, 773, 796, 797, 817]
(28, 23);[663, 690, 691, 692, 720, 721, 750, 751, 773, 774, 775, 799, 800, 821]
(28, 24);[664, 691, 692, 721, 722, 749, 751, 774, 775, 799, 800, 801]
(28, 25);[665, 692, 693, 722, 723, 749, 750, 752, 775, 800, 801]
(28, 28);[694, 695, 722, 723, 724, 751, 753, 776, 822]
(28, 30);[695, 696, 724, 725, 752, 754, 776, 777, 778, 802, 803, 823]
(28, 32);[669, 697, 724, 725, 726, 753, 755, 776, 777, 778, 779, 803, 804]
(28, 34);[697, 698, 699, 726, 727, 754, 756, 757, 778, 779, 825]
(28, 36);[699, 700, 726, 727, 755, 757, 758, 779, 780, 781, 805, 827]
(28, 37);[670, 700, 701, 727, 755, 756, 758, 780, 781, 782, 805, 828]
(28, 39);[701, 702, 703, 728, 756, 757, 759, 760, 780, 781, 782, 783]
(28, 41);[703, 704, 705, 728, 758, 760, 761, 782, 783, 784, 806, 829]
(28, 42);[672, 704, 705, 706, 728, 729, 758, 759, 761, 783, 784, 806, 807, 830]
(28, 43);[673, 705, 706, 728, 729, 730, 759, 760, 762, 784, 785, 807, 831]
(28, 46);[707, 729, 730, 731, 732, 761, 763, 785, 786, 808, 809]
(28, 47);[675, 707, 708, 730, 731, 732, 733, 762, 785, 786, 808, 809, 810, 832]
(29, 2);[679, 711, 734, 735, 736, 737, 765, 766, 787, 788, 789, 811]
(29, 3);[711, 735, 736, 737, 738, 764, 766, 767, 788, 789, 790, 835]
(29, 4);[680, 735, 736, 737, 738, 739, 764, 765, 767, 789, 790]
(29, 6);[682, 712, 713, 737, 738, 739, 740, 765, 766, 768, 790, 791, 812]
(29, 8);[683, 713, 714, 739, 740, 741, 767, 769, 770, 791, 837]
(29, 10);[684, 740, 741, 742, 743, 768, 770, 771, 791, 792, 813, 814, 838]
(29, 11);[741, 742, 743, 744, 768, 769, 771, 792, 813, 814, 815]
(29, 13);[686, 715, 742, 743, 744, 745, 769, 770, 792, 793, 794, 815, 816]
(29, 18);[717, 718, 719, 746, 747, 748, 773, 795, 796, 797, 817]
(29, 21);[720, 721, 748, 749, 772, 774, 775, 797, 798, 799, 818, 819, 820]
(29, 22);[690, 720, 721, 749, 750, 773, 775, 797, 798, 799, 800, 819, 820, 821, 841]
(29, 24);[692, 749, 750, 751, 773, 774, 799, 800, 801, 821]
(29, 30);[696, 724, 725, 752, 753, 754, 777, 778, 802, 803, 804, 823, 824, 844]
(29, 31);[724, 725, 753, 754, 776, 778, 779, 802, 803, 804, 823, 824]
(29, 32);[725, 753, 754, 755, 776, 777, 779, 802, 803, 804, 824, 845]
(29, 34);[698, 726, 754, 755, 756, 777, 778, 780, 804, 805, 825, 826, 847]
(29, 37);[727, 756, 757, 758, 779, 781, 782, 783, 805, 827, 828, 849]
(29, 38);[701, 756, 757, 758, 780, 782, 783, 805, 828, 850]
(29, 39);[702, 757, 758, 759, 780, 781, 783, 784, 806]
(29, 40);[703, 728, 758, 759, 760, 780, 781, 782, 784, 806, 829, 851]
(29, 42);[705, 728, 759, 760, 761, 782, 783, 785, 806, 807, 829, 830, 831, 852]
(29, 45);[729, 730, 731, 761, 762, 763, 784, 786, 807, 808, 809, 853]
(29, 46);[730, 731, 732, 762, 763, 785, 808, 809, 810, 832, 854]
(30, 0);[710, 734, 764, 788, 789, 811, 834]
(30, 1);[734, 735, 764, 765, 787, 789, 811, 834]
(30, 2);[711, 735, 736, 764, 765, 766, 787, 788, 790, 811, 834, 835]
(30, 5);[737, 738, 739, 765, 766, 767, 789, 791, 812, 857]
(30, 8);[714, 740, 741, 767, 768, 769, 790, 812, 813, 836, 837]
(30, 12);[742, 743, 744, 769, 770, 771, 793, 794, 813, 814, 815, 816, 839]
(30, 14);[715, 744, 745, 771, 792, 794, 795, 815, 816]
(30, 15);[716, 745, 771, 792, 793, 795, 796, 816]
(30, 17);[717, 746, 747, 772, 793, 794, 796, 797, 817]
(30, 18);[718, 746, 747, 748, 772, 794, 795, 797, 798, 817, 818, 860]
(30, 20);[748, 772, 773, 774, 795, 796, 798, 799, 817, 818, 819, 820, 840]
(30, 21);[720, 773, 774, 796, 797, 799, 800, 817, 818, 819, 820, 821, 840, 841, 861]
(30, 23);[749, 750, 773, 774, 775, 797, 798, 800, 801, 819, 820, 821, 841, 862]
(30, 24);[749, 750, 751, 774, 775, 798, 799, 801, 820, 821, 842, 863]
(30, 25);[750, 751, 775, 799, 800, 821, 842]
(30, 30);[724, 753, 776, 777, 778, 803, 804, 822, 823, 824, 844]
(30, 31);[725, 753, 754, 776, 777, 778, 802, 804, 823, 824, 844, 845]
(30, 32);[754, 776, 777, 778, 779, 802, 803, 823, 824, 825, 845, 846]
(30, 36);[727, 756, 757, 779, 780, 781, 825, 826, 827, 828, 848, 849]
(30, 41);[728, 759, 760, 782, 783, 784, 807, 829, 830, 831, 851, 852]
(30, 43);[760, 761, 784, 785, 806, 808, 829, 830, 831, 852, 871]
(30, 46);[731, 762, 763, 785, 786, 807, 809, 810, 832, 853, 854]
(30, 47);[732, 762, 763, 785, 786, 808, 810, 832, 833, 854, 874]
(30, 48);[763, 786, 808, 809, 832, 833, 855]
(31, 1);[764, 787, 788, 789, 834, 835]
(31, 6);[739, 767, 790, 791, 836, 837, 857, 858]
(31, 10);[769, 770, 791, 792, 814, 815, 837, 838, 839, 859, 882]
(31, 11);[742, 769, 770, 792, 813, 815, 816, 838, 839, 859]
(31, 12);[743, 770, 771, 792, 793, 813, 814, 816, 838, 839]
(31, 14);[771, 792, 793, 794, 814, 815, 839, 884]
(31, 19);[748, 772, 795, 796, 797, 798, 818, 819, 820, 840, 860]
(31, 20);[773, 796, 797, 798, 817, 819, 820, 821, 840, 841, 861, 886]
(31, 21);[773, 774, 797, 798, 799, 817, 818, 820, 821, 840, 841, 861, 887]
(31, 22);[773, 774, 797, 798, 799, 800, 817, 818, 819, 821, 840, 841, 861, 862, 888]
(31, 23);[749, 774, 775, 798, 799, 800, 801, 818, 819, 820, 841, 842, 862, 863]
(31, 28);[752, 802, 823, 824, 843, 844, 865, 866]
(31, 30);[753, 776, 777, 802, 803, 804, 822, 824, 843, 844, 845, 866, 892]
(31, 31);[776, 777, 778, 802, 803, 804, 822, 823, 825, 844, 845, 846, 893]
(31, 34);[755, 779, 804, 805, 824, 826, 827, 828, 845, 846, 847, 848, 867, 868]
(31, 35);[779, 805, 825, 827, 828, 846, 847, 848, 849, 868, 894]
(31, 36);[756, 780, 805, 825, 826, 828, 847, 848, 849, 850, 868, 869, 895]
(31, 37);[757, 780, 781, 805, 825, 826, 827, 848, 849, 850, 869, 896]
(31, 41);[759, 783, 784, 806, 807, 830, 831, 851, 852, 870, 898]
(31, 42);[760, 784, 806, 807, 829, 831, 851, 852, 871]
(31, 43);[761, 784, 806, 807, 829, 830, 852, 853, 871, 872]
(31, 47);[763, 786, 808, 809, 810, 833, 853, 854, 855, 874, 901]
(31, 49);[809, 810, 832, 855, 875, 902]
(32, 1);[787, 788, 789, 811, 835, 856, 876, 877, 903]
(32, 3);[765, 789, 811, 834, 856, 857, 877, 878]
(32, 7);[791, 812, 837, 838, 857, 858, 880, 906]
(32, 8);[768, 791, 812, 813, 836, 838, 858, 859, 880, 881, 907]
(32, 10);[769, 813, 814, 815, 836, 837, 839, 859, 881, 882]
(32, 12);[792, 813, 814, 815, 816, 838, 859, 883, 909]
(32, 20);[797, 798, 817, 818, 819, 820, 841, 860, 861, 886, 887, 913]
(32, 22);[774, 798, 799, 818, 819, 820, 821, 840, 842, 861, 862, 863, 887, 888]
(32, 25);[800, 801, 821, 841, 843, 862, 863, 864, 889, 890, 891, 915]
(32, 28);[822, 823, 842, 844, 864, 865, 866, 917]
(32, 30);[776, 802, 803, 822, 823, 824, 843, 845, 846, 865, 866, 892, 893, 918]
(32, 32);[778, 803, 804, 823, 824, 825, 844, 846, 847, 867, 893]
(32, 33);[804, 824, 825, 826, 844, 845, 847, 848, 867, 868, 919]
(32, 34);[779, 825, 826, 827, 845, 846, 848, 849, 867, 868, 894]
(32, 36);[805, 825, 826, 827, 828, 846, 847, 849, 850, 868, 869, 894, 895, 896, 920]
(32, 37);[780, 805, 826, 827, 828, 847, 848, 850, 851, 868, 869, 895, 896, 897]
(32, 38);[781, 827, 828, 848, 849, 851, 869, 870, 896, 897]
(32, 40);[783, 806, 829, 830, 849, 850, 852, 870, 898, 922]
(32, 42);[784, 806, 807, 829, 830, 831, 851, 853, 870, 871, 872, 898]
(32, 45);[785, 808, 831, 832, 852, 854, 871, 872, 873, 874, 899, 900]
(32, 46);[786, 808, 809, 832, 853, 855, 872, 873, 874, 900, 901]
(32, 49);[810, 832, 833, 854, 874, 875, 902]
(33, 3);[834, 835, 857, 858, 877, 878, 879]
(33, 5);[790, 812, 835, 836, 856, 858, 878, 879, 904, 905]
(33, 6);[812, 836, 837, 856, 857, 879, 880, 904, 905, 906, 927]
(33, 10);[813, 814, 837, 838, 839, 880, 881, 882, 908]
(33, 18);[796, 817, 840, 861, 885, 886, 911, 912]
(33, 21);[798, 818, 819, 820, 840, 841, 860, 862, 863, 886, 887, 888, 913, 914, 933]
(33, 23);[799, 820, 821, 841, 842, 861, 863, 864, 887, 888, 889, 890]
(33, 24);[800, 821, 841, 842, 861, 862, 864, 888, 889, 890, 891, 915]
(33, 26);[842, 843, 862, 863, 865, 866, 889, 890, 891, 915, 916, 935]
(33, 28);[822, 843, 844, 864, 866, 891, 892, 916, 917, 937]
(33, 29);[822, 823, 843, 844, 864, 865, 892, 893, 917, 918]
(33, 33);[825, 845, 846, 847, 868, 893, 894, 919]
(33, 35);[825, 826, 827, 846, 847, 848, 849, 867, 869, 894, 895, 896, 920]
(33, 37);[827, 828, 848, 849, 850, 868, 870, 894, 895, 896, 897, 920]
(33, 40);[829, 850, 851, 852, 869, 871, 897, 898, 921, 922]
(33, 43);[807, 830, 831, 852, 853, 870, 872, 873, 898, 899, 900, 942]
(33, 44);[831, 852, 853, 854, 871, 873, 874, 899, 900]
(33, 45);[853, 854, 871, 872, 874, 899, 900, 901, 943]
(33, 47);[809, 832, 853, 854, 855, 872, 873, 875, 900, 901, 902, 923]
(33, 49);[833, 855, 874, 901, 902, 945]
(34, 0);[834, 877, 878, 903, 924, 925, 946]
(34, 2);[834, 835, 856, 876, 878, 879, 903, 925, 926]
(34, 3);[835, 856, 857, 876, 877, 879, 903, 904, 926, 948]
(34, 5);[856, 857, 858, 877, 878, 880, 904, 905, 906, 927, 950]
(34, 8);[836, 837, 858, 859, 879, 881, 882, 905, 906, 907, 908, 951]
(34, 9);[837, 838, 859, 880, 882, 906, 907, 908]
(34, 10);[813, 838, 859, 880, 881, 883, 907, 908, 909]
(34, 13);[839, 882, 884, 909, 910, 928, 953]
(34, 14);[816, 883, 909, 910, 928, 929, 954]
(34, 18);[860, 886, 887, 911, 912, 913, 930, 931, 957]
(34, 20);[818, 840, 860, 861, 885, 887, 888, 912, 913, 914, 931, 932, 933]
(34, 21);[819, 840, 841, 861, 862, 885, 886, 888, 889, 913, 914, 932, 933, 934, 958]
(34, 22);[820, 841, 861, 862, 863, 886, 887, 889, 890, 913, 914, 933, 934, 959]
(34, 24);[842, 862, 863, 864, 887, 888, 890, 891, 915, 961]
(34, 25);[842, 862, 863, 864, 888, 889, 891, 915, 916, 935, 962]
(34, 26);[842, 863, 864, 865, 889, 890, 915, 916, 917, 935, 936]
(34, 30);[823, 844, 865, 866, 893, 917, 918, 938, 965]
(34, 31);[824, 844, 845, 866, 867, 892, 918, 919, 938]
(34, 35);[826, 847, 848, 867, 868, 869, 895, 896, 897, 919, 920, 939]
(34, 36);[827, 848, 849, 868, 869, 894, 896, 897, 920]
(34, 37);[828, 848, 849, 850, 868, 869, 894, 895, 897, 920, 921, 940, 968]
(34, 38);[849, 850, 869, 870, 894, 895, 896, 898, 920, 921, 922, 940, 969]
(34, 41);[829, 851, 852, 870, 871, 897, 899, 921, 922, 941, 970]
(34, 44);[853, 871, 872, 873, 898, 900, 901, 942, 943]
(34, 45);[853, 854, 871, 872, 873, 874, 899, 901, 923, 943]
(34, 47);[832, 854, 873, 874, 875, 899, 900, 902, 923, 944, 971]
(34, 49);[833, 855, 874, 875, 901, 923, 944, 945, 973]
(35, 1);[834, 876, 877, 878, 924, 925, 926, 946, 947]
(35, 5);[857, 858, 878, 879, 905, 906, 907, 927, 949, 950]
(35, 6);[857, 858, 879, 880, 904, 906, 907, 908, 927, 950, 976]
(35, 7);[836, 858, 879, 880, 881, 904, 905, 907, 908, 927, 951]
(35, 8);[837, 880, 881, 882, 904, 905, 906, 908, 927, 951]
(35, 9);[859, 880, 881, 882, 905, 906, 907, 909, 951, 977]
(35, 12);[839, 882, 883, 884, 908, 910, 928, 952, 953]
(35, 14);[883, 884, 909, 911, 928, 929, 953, 954]
(35, 17);[860, 885, 910, 912, 913, 929, 930, 931, 955, 956, 957, 980]
(35, 18);[860, 885, 886, 911, 913, 914, 930, 931, 932, 956, 957]
(35, 20);[840, 861, 885, 886, 887, 888, 911, 912, 914, 931, 932, 933, 934, 958]
(35, 21);[861, 886, 887, 888, 912, 913, 931, 932, 933, 934, 958, 959, 982]
(35, 25);[842, 863, 864, 889, 890, 891, 916, 917, 935, 936, 961, 962, 985]
(35, 27);[864, 865, 890, 891, 915, 917, 918, 935, 936, 937, 963, 986]
(35, 28);[843, 865, 866, 891, 892, 915, 916, 918, 935, 936, 937, 938, 963, 964]
(35, 30);[844, 866, 892, 893, 916, 917, 919, 937, 938, 964, 965, 987]
(35, 33);[846, 867, 893, 894, 918, 920, 939, 966, 967, 990]
(35, 36);[848, 868, 869, 894, 895, 896, 897, 919, 921, 939, 940, 968, 993]
(35, 39);[870, 896, 897, 898, 920, 922, 940, 941, 969, 994]
(35, 40);[851, 870, 897, 898, 921, 940, 941, 970, 995]
(35, 47);[874, 900, 901, 902, 943, 944, 945, 971, 972]
(36, 0);[876, 903, 925, 926, 946, 947, 974, 999]
(36, 1);[876, 877, 903, 924, 926, 946, 947, 948, 974, 975, 1000]
(36, 2);[877, 878, 903, 924, 925, 946, 947, 948, 949, 975]
(36, 6);[858, 879, 904, 905, 906, 907, 949, 950, 951, 976]
(36, 14);[883, 884, 909, 910, 929, 930, 953, 954, 955, 978, 1004]
(36, 15);[884, 910, 911, 928, 930, 953, 954, 955, 956, 978, 979]
(36, 17);[885, 911, 912, 928, 929, 931, 932, 955, 956, 957, 979, 980, 1006]
(36, 19);[885, 886, 911, 912, 913, 914, 930, 932, 933, 934, 956, 957, 958, 981, 1007]
(36, 20);[886, 887, 912, 913, 914, 930, 931, 933, 934, 957, 958, 959, 981, 982, 1008]
(36, 21);[861, 886, 887, 888, 913, 914, 931, 932, 934, 958, 959, 960, 982, 983]
(36, 22);[887, 888, 913, 914, 931, 932, 933, 958, 959, 960, 961, 982, 983, 1009]
(36, 26);[864, 890, 891, 915, 916, 917, 936, 937, 961, 962, 963, 985, 986]
(36, 27);[891, 915, 916, 917, 935, 937, 938, 962, 963, 964, 986]
(36, 28);[865, 916, 917, 918, 935, 936, 938, 963, 964, 965, 986, 1012]
(36, 30);[892, 893, 917, 918, 936, 937, 964, 965, 966, 987, 988]
(36, 34);[894, 919, 920, 966, 967, 990, 991, 992]
(36, 38);[896, 897, 920, 921, 922, 941, 968, 969, 994, 1016]
(36, 41);[898, 921, 922, 940, 942, 970, 995, 996, 1017]
(36, 43);[871, 899, 941, 943, 970, 996]
(36, 45);[873, 899, 900, 923, 942, 944, 971, 1019]
(36, 48);[901, 902, 923, 943, 945, 971, 972, 973, 997, 998]
(36, 49);[875, 902, 923, 944, 971, 972, 973, 997, 998]
(37, 0);[876, 903, 924, 925, 926, 947, 948, 974, 975, 999, 1000, 1020]
(37, 1);[903, 924, 925, 926, 946, 948, 949, 974, 975, 999, 1000, 1021]
(37, 3);[878, 925, 926, 946, 947, 949, 950, 975]
(37, 4);[904, 926, 927, 947, 948, 950, 975, 976, 1001, 1023]
(37, 5);[879, 904, 905, 927, 948, 949, 951, 976, 1001]
(37, 8);[880, 906, 907, 908, 927, 950, 952, 976, 977, 1002]
(37, 11);[909, 951, 953, 954, 977, 1003]
(37, 13);[883, 909, 910, 928, 929, 952, 954, 955, 978, 1004]
(37, 14);[884, 910, 928, 929, 952, 953, 955, 956, 978, 979, 1004, 1024]
(37, 16);[911, 928, 929, 930, 953, 954, 956, 957, 978, 979, 980, 1005, 1006]
(37, 17);[911, 912, 929, 930, 931, 954, 955, 957, 978, 979, 980, 981, 1005, 1006, 1025]
(37, 18);[885, 911, 912, 930, 931, 932, 955, 956, 958, 979, 980, 981, 1006, 1007]
(37, 21);[887, 913, 914, 931, 932, 933, 934, 957, 959, 960, 961, 981, 982, 983, 1008, 1009, 1027]
(37, 22);[888, 914, 932, 933, 934, 958, 960, 961, 962, 982, 983, 984, 1009, 1010]
(37, 23);[933, 934, 958, 959, 961, 962, 982, 983, 984, 985, 1009, 1010, 1011]
(37, 24);[889, 915, 934, 935, 958, 959, 960, 962, 963, 983, 984, 985, 1010, 1011]
(37, 25);[890, 915, 935, 936, 959, 960, 961, 963, 984, 985, 986, 1011, 1028]
(37, 27);[916, 917, 935, 936, 937, 961, 962, 964, 965, 985, 986, 1012]
(37, 29);[917, 918, 936, 937, 938, 963, 965, 966, 986, 987, 988, 1012, 1013]
(37, 30);[892, 918, 937, 938, 963, 964, 966, 987, 988, 989, 1013]
(37, 32);[919, 938, 939, 964, 965, 967, 987, 988, 989, 990, 991]
(37, 34);[919, 939, 966, 968, 989, 990, 991, 992, 993, 1014, 1030]
(37, 37);[896, 920, 940, 967, 969, 992, 993, 994, 1015, 1016, 1033]
(37, 38);[897, 921, 940, 968, 970, 993, 994, 995, 1016, 1034]
(37, 41);[898, 922, 941, 942, 969, 994, 995, 996, 1017, 1018]
(37, 47);[901, 923, 943, 944, 945, 972, 973, 997, 998, 1038]
(37, 48);[923, 944, 945, 971, 973, 997, 998, 1039]
(37, 49);[902, 944, 945, 971, 972, 997, 998, 1040]
(38, 0);[924, 925, 946, 947, 975, 999, 1000, 1020, 1021, 1041]
(38, 2);[925, 926, 946, 947, 948, 949, 974, 999, 1000, 1021, 1022]
(38, 6);[905, 927, 949, 950, 951, 977, 1001, 1002]
(38, 9);[908, 951, 952, 976, 1002, 1003]
(38, 15);[928, 929, 953, 954, 955, 956, 979, 980, 1004, 1005, 1006, 1024]
(38, 16);[929, 930, 954, 955, 956, 957, 978, 980, 981, 1004, 1005, 1006, 1025, 1048]
(38, 17);[911, 930, 955, 956, 957, 978, 979, 981, 1005, 1006, 1007, 1025, 1049]
(38, 19);[931, 932, 956, 957, 958, 979, 980, 982, 983, 1006, 1007, 1008, 1026]
(38, 21);[914, 932, 933, 934, 958, 959, 960, 981, 983, 984, 1007, 1008, 1009, 1010, 1026, 1027]
(38, 22);[933, 934, 958, 959, 960, 961, 981, 982, 984, 985, 1008, 1009, 1010, 1011, 1027]
(38, 24);[959, 960, 961, 962, 982, 983, 985, 986, 1009, 1010, 1011, 1028, 1052]
(38, 25);[915, 935, 960, 961, 962, 963, 983, 984, 986, 1010, 1011, 1028, 1029, 1053]
(38, 27);[916, 935, 936, 937, 962, 963, 964, 984, 985, 987, 1012, 1013, 1029]
(38, 30);[918, 938, 964, 965, 966, 986, 988, 989, 990, 1012, 1013]
(38, 31);[938, 964, 965, 966, 987, 989, 990, 991, 1013, 1057]
(38, 32);[965, 966, 967, 987, 988, 990, 991, 992, 1058]
(38, 33);[919, 939, 966, 967, 987, 988, 989, 991, 992, 993, 1014, 1030, 1059]
(38, 34);[939, 966, 967, 988, 989, 990, 992, 993, 1014, 1015, 1030, 1031, 1060]
(38, 35);[939, 967, 968, 989, 990, 991, 993, 1014, 1015, 1030, 1031, 1032, 1061]
(38, 36);[920, 967, 968, 969, 990, 991, 992, 994, 1014, 1015, 1016, 1031, 1032, 1033, 1062]
(38, 39);[921, 940, 968, 969, 970, 993, 995, 996, 1016, 1017, 1034, 1065]
(38, 40);[922, 941, 969, 970, 994, 996, 1016, 1017, 1018]
(38, 42);[941, 942, 970, 994, 995, 1017, 1018, 1035, 1066]
(38, 48);[944, 945, 971, 972, 973, 998, 1038, 1039, 1040, 1068]
(38, 49);[944, 945, 971, 972, 973, 997, 1039, 1040]
(39, 0);[924, 946, 947, 974, 975, 1000, 1020, 1021, 1022, 1041, 1042, 1069]
(39, 1);[925, 946, 947, 974, 975, 999, 1020, 1021, 1022, 1041, 1042, 1070]
(39, 5);[949, 950, 976, 1002, 1023, 1043, 1044]
(39, 7);[951, 976, 977, 1001, 1003, 1045, 1072]
(39, 10);[952, 977, 1002]
(39, 14);[928, 953, 954, 978, 979, 1005, 1006, 1024, 1046, 1047]
(39, 16);[955, 956, 978, 979, 980, 1004, 1006, 1007, 1024, 1025, 1048, 1049]
(39, 17);[930, 955, 956, 957, 978, 979, 980, 981, 1004, 1005, 1007, 1008, 1025, 1048, 1049, 1076]
(39, 19);[931, 957, 980, 981, 982, 1005, 1006, 1008, 1009, 1025, 1026, 1027, 1050]
(39, 20);[932, 958, 981, 982, 983, 1006, 1007, 1009, 1010, 1026, 1027, 1050, 1077]
(39, 22);[934, 958, 959, 960, 982, 983, 984, 1007, 1008, 1010, 1011, 1026, 1027, 1051]
(39, 23);[959, 960, 961, 982, 983, 984, 985, 1008, 1009, 1011, 1027, 1028, 1051, 1052]
(39, 24);[960, 961, 962, 983, 984, 985, 1009, 1010, 1028, 1029, 1051, 1052, 1053, 1079]
(39, 28);[937, 963, 964, 986, 987, 1013, 1029, 1055, 1056]
(39, 29);[964, 965, 986, 987, 988, 1012, 1055, 1056, 1081]
(39, 35);[967, 990, 991, 992, 993, 1015, 1016, 1030, 1031, 1032, 1033, 1060, 1061, 1062]
(39, 36);[968, 991, 992, 993, 1014, 1016, 1030, 1031, 1032, 1033, 1034, 1061, 1062, 1063]
(39, 38);[940, 968, 969, 993, 994, 995, 1014, 1015, 1017, 1032, 1033, 1034, 1063, 1064, 1065, 1084]
(39, 41);[941, 970, 994, 995, 996, 1016, 1018, 1035, 1066]
(39, 42);[970, 995, 996, 1017, 1019, 1035, 1066, 1086]
(39, 45);[943, 1018, 1036, 1037, 1038, 1067, 1088]
(40, 0);[946, 974, 999, 1000, 1021, 1022, 1041, 1042, 1069, 1070]
(40, 1);[947, 974, 975, 999, 1000, 1020, 1022, 1023, 1041, 1042, 1069, 1070]
(40, 2);[975, 999, 1000, 1020, 1021, 1023, 1041, 1042, 1043, 1070, 1092]
(40, 4);[949, 1001, 1021, 1022, 1043, 1044, 1094]
(40, 14);[954, 978, 1004, 1005, 1025, 1046, 1047, 1048, 1074, 1075]
(40, 17);[956, 979, 980, 1005, 1006, 1007, 1024, 1026, 1048, 1049, 1076]
(40, 20);[981, 982, 1007, 1008, 1009, 1025, 1027, 1050, 1077, 1078, 1102]
(40, 21);[958, 982, 983, 1007, 1008, 1009, 1010, 1026, 1050, 1051, 1077, 1078]
(40, 25);[962, 984, 985, 1010, 1011, 1029, 1051, 1052, 1053, 1054, 1079]
(40, 26);[985, 986, 1011, 1012, 1028, 1052, 1053, 1054, 1055, 1080, 1105]
(40, 34);[967, 990, 991, 992, 1014, 1015, 1031, 1032, 1033, 1058, 1059, 1060, 1061, 1062, 1082, 1108]
(40, 35);[991, 992, 993, 1014, 1015, 1030, 1032, 1033, 1034, 1059, 1060, 1061, 1062, 1063, 1082, 1109]
(40, 36);[992, 993, 1014, 1015, 1016, 1030, 1031, 1033, 1034, 1060, 1061, 1062, 1063, 1064, 1083]
(40, 37);[968, 993, 1014, 1015, 1016, 1030, 1031, 1032, 1034, 1061, 1062, 1063, 1064, 1065, 1083, 1084, 1110]
(40, 38);[969, 994, 1015, 1016, 1031, 1032, 1033, 1062, 1063, 1064, 1065, 1083, 1084, 1111]
(40, 42);[996, 1017, 1018, 1036, 1066, 1067, 1086]
(40, 45);[1019, 1035, 1037, 1038, 1039, 1067, 1087, 1088, 1089, 1114]
(40, 46);[1019, 1036, 1038, 1039, 1040, 1067, 1068, 1088, 1089, 1090, 1115]
(40, 47);[971, 997, 1019, 1036, 1037, 1039, 1040, 1068, 1089, 1090, 1091]
(40, 48);[972, 997, 998, 1036, 1037, 1038, 1040, 1068, 1090, 1091, 1116]
(40, 49);[973, 997, 998, 1037, 1038, 1039, 1068, 1091]
(41, 0);[974, 999, 1000, 1020, 1021, 1022, 1042, 1069, 1070, 1117]
(41, 1);[999, 1000, 1020, 1021, 1022, 1041, 1043, 1069, 1070, 1092, 1118]
(41, 4);[1001, 1022, 1023, 1042, 1044, 1071, 1093, 1094]
(41, 5);[1001, 1023, 1043, 1045, 1071, 1072, 1094, 1095, 1120]
(41, 8);[1002, 1044, 1071, 1072, 1073, 1096]
(41, 13);[1004, 1024, 1047, 1048, 1074, 1075, 1099, 1126]
(41, 14);[1004, 1024, 1046, 1048, 1049, 1074, 1075, 1099, 1100]
(41, 16);[979, 1005, 1006, 1024, 1025, 1046, 1047, 1049, 1075, 1076, 1100]
(41, 17);[980, 1005, 1006, 1025, 1047, 1048, 1050, 1075, 1076, 1128]
(41, 20);[1007, 1008, 1026, 1027, 1049, 1051, 1077, 1078, 1101, 1102, 1130]
(41, 23);[1009, 1010, 1011, 1027, 1028, 1050, 1052, 1053, 1054, 1078, 1079, 1103, 1104, 1132]
(41, 24);[984, 1010, 1011, 1028, 1029, 1051, 1053, 1054, 1079, 1104, 1133]
(41, 25);[985, 1011, 1028, 1029, 1051, 1052, 1054, 1055, 1079, 1080, 1104, 1105, 1134]
(41, 26);[1028, 1029, 1051, 1052, 1053, 1055, 1056, 1079, 1080, 1105, 1106, 1135]
(41, 28);[1012, 1013, 1029, 1053, 1054, 1056, 1057, 1080, 1081, 1106, 1107]
(41, 29);[1012, 1013, 1054, 1055, 1057, 1058, 1080, 1081, 1107, 1136]
(41, 31);[988, 1055, 1056, 1058, 1059, 1060, 1081, 1138]
(41, 32);[989, 1030, 1056, 1057, 1059, 1060, 1061, 1082, 1139]
(41, 33);[990, 1030, 1031, 1057, 1058, 1060, 1061, 1062, 1082, 1108, 1140]
(41, 34);[991, 1014, 1030, 1031, 1032, 1057, 1058, 1059, 1061, 1062, 1063, 1082, 1108, 1109]
(41, 35);[992, 1014, 1015, 1030, 1031, 1032, 1033, 1058, 1059, 1060, 1062, 1063, 1064, 1082, 1083, 1108, 1109, 1141]
(41, 36);[993, 1014, 1015, 1030, 1031, 1032, 1033, 1034, 1059, 1060, 1061, 1063, 1064, 1065, 1082, 1083, 1084, 1109, 1110]
(41, 37);[1015, 1016, 1031, 1032, 1033, 1034, 1060, 1061, 1062, 1064, 1065, 1083, 1084, 1110, 1111, 1142]
(41, 38);[1016, 1032, 1033, 1034, 1061, 1062, 1063, 1065, 1083, 1084, 1085, 1110, 1111, 1112, 1143]
(41, 39);[994, 1016, 1033, 1034, 1062, 1063, 1064, 1066, 1083, 1084, 1085, 1111, 1112]
(41, 42);[996, 1017, 1018, 1035, 1065, 1067, 1085, 1086, 1087, 1113]
(41, 44);[1019, 1035, 1036, 1037, 1066, 1086, 1087, 1088, 1089, 1114]
(41, 48);[997, 1037, 1038, 1039, 1040, 1089, 1090, 1091, 1116]
(42, 0);[999, 1020, 1021, 1041, 1042, 1070, 1092, 1117, 1118]
(42, 1);[1000, 1020, 1021, 1022, 1041, 1042, 1069, 1092, 1093, 1117, 1118, 1119, 1148]
(42, 6);[1043, 1044, 1045, 1072, 1073, 1094, 1095, 1120, 1121, 1122]
(42, 7);[1002, 1044, 1045, 1071, 1073, 1095, 1096, 1121, 1122]
(42, 8);[1045, 1071, 1072, 1095, 1096, 1097, 1122, 1123]
(42, 13);[1024, 1046, 1047, 1075, 1098, 1099, 1100, 1125, 1126]
(42, 15);[1024, 1046, 1047, 1048, 1049, 1074, 1076, 1099, 1100, 1127]
(42, 17);[1006, 1025, 1048, 1049, 1075, 1077, 1100, 1101, 1128, 1129]
(42, 20);[1008, 1026, 1027, 1050, 1076, 1078, 1101, 1102, 1103, 1130, 1155]
(42, 21);[1026, 1027, 1050, 1051, 1077, 1079, 1101, 1102, 1103, 1130, 1131, 1156]
(42, 24);[1011, 1028, 1051, 1052, 1053, 1054, 1078, 1080, 1103, 1104, 1105, 1132, 1133, 1134, 1158]
(42, 27);[1029, 1053, 1054, 1055, 1056, 1079, 1081, 1105, 1106, 1107, 1135]
(42, 29);[1013, 1055, 1056, 1057, 1080, 1106, 1107, 1136, 1137, 1161]
(42, 34);[1030, 1031, 1058, 1059, 1060, 1061, 1062, 1083, 1108, 1109, 1140, 1141, 1164]
(42, 37);[1032, 1033, 1034, 1061, 1062, 1063, 1064, 1065, 1082, 1084, 1085, 1109, 1110, 1111, 1112, 1142, 1143, 1165]
(42, 38);[1016, 1033, 1034, 1062, 1063, 1064, 1065, 1083, 1085, 1110, 1111, 1112, 1142, 1143]
(42, 40);[1064, 1065, 1066, 1083, 1084, 1086, 1111, 1112, 1113, 1144]
(42, 42);[1018, 1035, 1066, 1067, 1085, 1087, 1088, 1113, 1144, 1145]
(42, 44);[1036, 1066, 1067, 1086, 1088, 1089, 1090, 1114, 1115, 1145, 1146]
(42, 45);[1019, 1036, 1037, 1067, 1086, 1087, 1089, 1090, 1091, 1114, 1115, 1146, 1147]
(42, 46);[1036, 1037, 1038, 1067, 1068, 1087, 1088, 1090, 1091, 1114, 1115, 1116, 1146, 1147]
(42, 47);[1037, 1038, 1039, 1068, 1087, 1088, 1089, 1091, 1114, 1115, 1116, 1147]
(42, 48);[1038, 1039, 1040, 1068, 1088, 1089, 1090, 1115, 1116, 1168]
(43, 2);[1022, 1042, 1069, 1070, 1093, 1094, 1117, 1118, 1119, 1148, 1170]
(43, 3);[1043, 1070, 1092, 1094, 1095, 1118, 1119, 1120, 1149, 1171]
(43, 4);[1023, 1043, 1044, 1071, 1092, 1093, 1095, 1119, 1120, 1121, 1149, 1172]
(43, 6);[1044, 1071, 1072, 1073, 1093, 1094, 1096, 1120, 1121, 1122]
(43, 9);[1045, 1072, 1073, 1095, 1097, 1098, 1122, 1123, 1124, 1150, 1151]
(43, 10);[1073, 1096, 1098, 1099, 1123, 1124, 1125, 1150, 1151, 1174]
(43, 11);[1074, 1096, 1097, 1099, 1123, 1124, 1125, 1126, 1151]
(43, 13);[1046, 1047, 1074, 1075, 1097, 1098, 1100, 1124, 1125, 1126, 1127, 1152]
(43, 15);[1047, 1048, 1074, 1075, 1076, 1099, 1126, 1127, 1128, 1152, 1153, 1176]
(43, 19);[1050, 1076, 1077, 1078, 1102, 1103, 1128, 1129, 1130, 1154, 1155]
(43, 20);[1026, 1050, 1077, 1078, 1101, 1103, 1129, 1130, 1131, 1154, 1155, 1156, 1179]
(43, 22);[1051, 1077, 1078, 1079, 1101, 1102, 1104, 1130, 1131, 1132, 1133, 1156, 1157]
(43, 24);[1051, 1052, 1053, 1079, 1103, 1105, 1106, 1131, 1132, 1133, 1134, 1135, 1157, 1158]
(43, 26);[1029, 1053, 1054, 1079, 1080, 1104, 1106, 1107, 1133, 1134, 1135, 1159, 1180]
(43, 27);[1054, 1055, 1080, 1081, 1104, 1105, 1107, 1134, 1135, 1136, 1159, 1160]
(43, 28);[1055, 1056, 1080, 1081, 1105, 1106, 1135, 1136, 1137, 1160, 1161]
(43, 34);[1030, 1059, 1060, 1061, 1082, 1109, 1110, 1139, 1140, 1141, 1163, 1164, 1185]
(43, 35);[1031, 1060, 1061, 1062, 1082, 1083, 1108, 1110, 1111, 1140, 1141, 1142, 1164, 1186]
(43, 37);[1033, 1062, 1063, 1064, 1083, 1084, 1108, 1109, 1111, 1112, 1141, 1142, 1143, 1165]
(43, 38);[1034, 1063, 1064, 1065, 1083, 1084, 1085, 1109, 1110, 1112, 1113, 1142, 1143, 1165, 1188]
(43, 39);[1064, 1065, 1083, 1084, 1085, 1110, 1111, 1113, 1142, 1143, 1144]
(43, 41);[1066, 1085, 1086, 1111, 1112, 1144, 1145, 1166]
(43, 45);[1036, 1067, 1087, 1088, 1089, 1090, 1115, 1116, 1145, 1146, 1147, 1193]
(43, 46);[1037, 1087, 1088, 1089, 1090, 1091, 1114, 1116, 1146, 1147]
(43, 48);[1039, 1068, 1089, 1090, 1091, 1114, 1115, 1147, 1168, 1195]
(44, 0);[1041, 1069, 1070, 1092, 1118, 1119, 1148, 1169]
(44, 1);[1042, 1069, 1070, 1092, 1093, 1117, 1119, 1148, 1169, 1170, 1197]
(44, 2);[1070, 1092, 1093, 1094, 1117, 1118, 1120, 1148, 1149, 1170, 1171]
(44, 5);[1044, 1071, 1093, 1094, 1095, 1119, 1121, 1122, 1149, 1172, 1199]
(44, 6);[1071, 1072, 1094, 1095, 1120, 1122, 1123, 1149, 1200]
(44, 7);[1071, 1072, 1073, 1095, 1096, 1120, 1121, 1123, 1150, 1173]
(44, 9);[1073, 1096, 1097, 1098, 1121, 1122, 1124, 1125, 1150, 1151, 1173, 1174, 1202]
(44, 11);[1096, 1097, 1098, 1099, 1123, 1125, 1126, 1150, 1151, 1174]
(44, 12);[1074, 1097, 1098, 1099, 1123, 1124, 1126, 1127, 1151, 1152, 1203]
(44, 13);[1046, 1074, 1098, 1099, 1100, 1124, 1125, 1127, 1152, 1175]
(44, 15);[1075, 1099, 1100, 1125, 1126, 1128, 1129, 1152, 1153, 1175, 1176, 1177, 1204]
(44, 17);[1049, 1076, 1100, 1101, 1127, 1129, 1130, 1153, 1154, 1177, 1178, 1206]
(44, 18);[1076, 1101, 1102, 1127, 1128, 1130, 1153, 1154, 1155, 1178, 1207]
(44, 20);[1050, 1077, 1078, 1101, 1102, 1103, 1128, 1129, 1131, 1132, 1154, 1155, 1156, 1179, 1208]
(44, 22);[1078, 1102, 1103, 1104, 1130, 1132, 1133, 1134, 1155, 1156, 1157, 1158, 1209]
(44, 23);[1051, 1079, 1103, 1104, 1130, 1131, 1133, 1134, 1135, 1156, 1157, 1158, 1210]
(44, 24);[1052, 1079, 1103, 1104, 1105, 1131, 1132, 1134, 1135, 1157, 1158, 1159]
(44, 25);[1053, 1079, 1104, 1105, 1106, 1131, 1132, 1133, 1135, 1157, 1158, 1159, 1180]
(44, 26);[1054, 1080, 1104, 1105, 1106, 1107, 1132, 1133, 1134, 1136, 1158, 1159, 1160, 1180, 1211]
(44, 29);[1056, 1081, 1106, 1107, 1135, 1137, 1138, 1139, 1160, 1161, 1162, 1181, 1182, 1213]
(44, 30);[1081, 1107, 1136, 1138, 1139, 1140, 1160, 1161, 1162, 1181, 1182, 1214]
(44, 31);[1057, 1136, 1137, 1139, 1140, 1161, 1162, 1163, 1182, 1183]
(44, 32);[1058, 1108, 1136, 1137, 1138, 1140, 1141, 1162, 1163, 1164, 1183, 1184, 1215]
(44, 33);[1059, 1082, 1108, 1109, 1137, 1138, 1139, 1141, 1162, 1163, 1164, 1183, 1184, 1185]
(44, 35);[1061, 1082, 1108, 1109, 1110, 1139, 1140, 1142, 1143, 1163, 1164, 1165, 1185, 1186, 1187, 1216]
(44, 37);[1063, 1083, 1084, 1109, 1110, 1111, 1112, 1141, 1143, 1165, 1187, 1188, 1217]
(44, 38);[1064, 1083, 1084, 1110, 1111, 1112, 1141, 1142, 1144, 1165, 1188]
(44, 41);[1085, 1086, 1112, 1113, 1143, 1145, 1166, 1167, 1189, 1190]
(44, 43);[1086, 1087, 1113, 1114, 1144, 1146, 1147, 1166, 1167, 1190, 1191, 1192]
(44, 45);[1087, 1088, 1089, 1114, 1115, 1145, 1147, 1167, 1192, 1193]
(44, 46);[1088, 1089, 1090, 1114, 1115, 1116, 1145, 1146, 1168, 1193, 1194, 1220]
(45, 1);[1070, 1092, 1117, 1118, 1119, 1149, 1169, 1170, 1171, 1197, 1224]
(45, 4);[1093, 1094, 1119, 1120, 1121, 1148, 1170, 1171, 1172, 1198, 1199, 1225]
(45, 9);[1096, 1097, 1122, 1123, 1124, 1151, 1173, 1174, 1201, 1202, 1227]
(45, 10);[1096, 1097, 1098, 1123, 1124, 1125, 1150, 1173, 1174, 1202]
(45, 14);[1099, 1100, 1125, 1126, 1127, 1153, 1175, 1176, 1177, 1204, 1230]
(45, 16);[1100, 1127, 1128, 1129, 1152, 1154, 1175, 1176, 1177, 1178, 1204, 1205, 1206]
(45, 19);[1101, 1102, 1128, 1129, 1130, 1153, 1155, 1156, 1178, 1179, 1207, 1208, 1233]
(45, 20);[1077, 1101, 1102, 1129, 1130, 1131, 1154, 1156, 1157, 1178, 1179, 1208, 1234]
(45, 21);[1078, 1102, 1103, 1130, 1131, 1132, 1154, 1155, 1157, 1158, 1179, 1208, 1209]
(45, 23);[1103, 1104, 1131, 1132, 1133, 1134, 1155, 1156, 1158, 1159, 1209, 1210]
(45, 24);[1079, 1104, 1131, 1132, 1133, 1134, 1135, 1156, 1157, 1159, 1180, 1210, 1236]
(45, 26);[1105, 1106, 1133, 1134, 1135, 1157, 1158, 1160, 1161, 1180, 1211, 1212, 1237]
(45, 28);[1106, 1107, 1135, 1136, 1137, 1159, 1161, 1162, 1180, 1181, 1182, 1212, 1213, 1239]
(45, 29);[1081, 1107, 1136, 1137, 1138, 1159, 1160, 1162, 1181, 1182, 1213, 1214, 1240]
(45, 31);[1136, 1137, 1138, 1139, 1140, 1160, 1161, 1163, 1164, 1181, 1182, 1183, 1184, 1214, 1215, 1242]
(45, 33);[1108, 1138, 1139, 1140, 1141, 1162, 1164, 1183, 1184, 1185, 1186, 1215, 1244]
(45, 34);[1082, 1108, 1109, 1139, 1140, 1141, 1162, 1163, 1165, 1183, 1184, 1185, 1186, 1187, 1216]
(45, 37);[1083, 1110, 1111, 1141, 1142, 1143, 1164, 1186, 1187, 1188, 1217]
(45, 41);[1113, 1144, 1145, 1167, 1189, 1190, 1191, 1218, 1219]
(45, 43);[1144, 1145, 1146, 1166, 1190, 1191, 1192, 1193, 1219, 1250]
(45, 48);[1091, 1116, 1147, 1194, 1195, 1196, 1221, 1222, 1253]
(46, 0);[1117, 1118, 1148, 1170, 1171, 1197, 1223, 1224]
(46, 2);[1092, 1118, 1119, 1148, 1149, 1169, 1171, 1172, 1197, 1198, 1224, 1256]
(46, 3);[1093, 1119, 1148, 1149, 1169, 1170, 1172, 1197, 1198, 1199, 1225, 1257]
(46, 4);[1094, 1120, 1149, 1170, 1171, 1198, 1199, 1200, 1225, 1258]
(46, 8);[1122, 1123, 1150, 1151, 1174, 1200, 1201, 1202, 1226, 1227]
(46, 10);[1097, 1123, 1124, 1150, 1151, 1173, 1201, 1202, 1203, 1227, 1228, 1261]
(46, 14);[1126, 1127, 1152, 1153, 1176, 1177, 1203, 1204, 1205, 1229, 1230, 1264]
(46, 15);[1100, 1127, 1152, 1153, 1175, 1177, 1178, 1204, 1205, 1206, 1230, 1265]
(46, 16);[1127, 1128, 1152, 1153, 1175, 1176, 1178, 1204, 1205, 1206, 1207, 1231]
(46, 18);[1128, 1129, 1153, 1154, 1155, 1176, 1177, 1179, 1205, 1206, 1207, 1208, 1231, 1232, 1233, 1266]
(46, 20);[1102, 1130, 1154, 1155, 1156, 1178, 1207, 1208, 1209, 1233, 1234]
(46, 26);[1105, 1134, 1135, 1158, 1159, 1160, 1181, 1211, 1212, 1237, 1238, 1270]
(46, 29);[1136, 1137, 1160, 1161, 1162, 1180, 1182, 1183, 1212, 1213, 1214, 1239, 1240, 1241, 1273]
(46, 30);[1136, 1137, 1138, 1160, 1161, 1162, 1181, 1183, 1184, 1213, 1214, 1215, 1240, 1241, 1242, 1274]
(46, 32);[1138, 1139, 1140, 1162, 1163, 1164, 1181, 1182, 1184, 1185, 1186, 1214, 1215, 1242, 1243, 1244]
(46, 33);[1139, 1140, 1162, 1163, 1164, 1182, 1183, 1185, 1186, 1187, 1215, 1216, 1243, 1244, 1275]
(46, 34);[1108, 1140, 1141, 1163, 1164, 1183, 1184, 1186, 1187, 1215, 1216, 1244, 1245, 1276]
(46, 35);[1109, 1141, 1163, 1164, 1165, 1183, 1184, 1185, 1187, 1188, 1216, 1217, 1245, 1246, 1277]
(46, 36);[1141, 1142, 1164, 1165, 1184, 1185, 1186, 1188, 1216, 1217, 1245, 1246, 1278]
(46, 38);[1111, 1142, 1143, 1165, 1186, 1187, 1189, 1217, 1218, 1247, 1280]
(46, 40);[1144, 1166, 1188, 1190, 1191, 1218, 1219, 1247, 1248, 1282]
(46, 42);[1144, 1145, 1166, 1167, 1189, 1191, 1192, 1193, 1218, 1219, 1249, 1250]
(46, 43);[1145, 1166, 1167, 1189, 1190, 1192, 1193, 1219, 1249, 1250]
(46, 44);[1145, 1146, 1167, 1190, 1191, 1193, 1194, 1219, 1220, 1250, 1283]
(46, 45);[1114, 1146, 1147, 1167, 1190, 1191, 1192, 1194, 1195, 1220, 1221, 1251, 1284]
(46, 47);[1147, 1168, 1192, 1193, 1195, 1196, 1220, 1221, 1222, 1251, 1252, 1253, 1286]
(46, 48);[1116, 1168, 1193, 1194, 1196, 1220, 1221, 1222, 1252, 1253, 1254, 1287]
(46, 49);[1168, 1194, 1195, 1221, 1222, 1253, 1254]
(47, 1);[1118, 1148, 1169, 1170, 1171, 1198, 1223, 1224, 1255, 1256]
(47, 4);[1149, 1170, 1171, 1172, 1197, 1199, 1200, 1225, 1257, 1258]
(47, 5);[1120, 1149, 1171, 1172, 1198, 1200, 1201, 1225, 1258]
(47, 6);[1121, 1172, 1173, 1198, 1199, 1201, 1202, 1225, 1226, 1259]
(47, 8);[1150, 1173, 1174, 1199, 1200, 1202, 1226, 1227, 1259, 1260]
(47, 9);[1123, 1150, 1151, 1173, 1174, 1200, 1201, 1203, 1226, 1227, 1228, 1260, 1261]
(47, 12);[1125, 1174, 1175, 1202, 1204, 1228, 1229, 1230, 1262, 1263]
(47, 15);[1127, 1152, 1153, 1175, 1176, 1177, 1203, 1205, 1206, 1207, 1229, 1230, 1231, 1264, 1265]
(47, 16);[1153, 1175, 1176, 1177, 1178, 1204, 1206, 1207, 1230, 1231, 1232, 1265]
(47, 17);[1128, 1153, 1176, 1177, 1178, 1204, 1205, 1207, 1208, 1231, 1232, 1233, 1266]
(47, 18);[1129, 1154, 1177, 1178, 1179, 1204, 1205, 1206, 1208, 1231, 1232, 1233, 1234, 1266, 1267]
(47, 20);[1130, 1154, 1155, 1156, 1178, 1179, 1206, 1207, 1209, 1210, 1232, 1233, 1234, 1235, 1267]
(47, 22);[1131, 1156, 1157, 1179, 1208, 1210, 1234, 1235, 1236, 1268]
(47, 23);[1132, 1157, 1158, 1208, 1209, 1211, 1235, 1236, 1268, 1269]
(47, 26);[1135, 1159, 1180, 1210, 1212, 1213, 1236, 1237, 1238, 1239, 1270, 1271]
(47, 27);[1159, 1160, 1180, 1181, 1211, 1213, 1214, 1237, 1238, 1239, 1240, 1270, 1271, 1272]
(47, 29);[1136, 1160, 1161, 1181, 1182, 1211, 1212, 1214, 1215, 1238, 1239, 1240, 1241, 1242, 1272, 1273, 1274]
(47, 30);[1137, 1161, 1162, 1181, 1182, 1183, 1212, 1213, 1215, 1239, 1240, 1241, 1242, 1243, 1273, 1274]
(47, 32);[1139, 1162, 1163, 1182, 1183, 1184, 1185, 1213, 1214, 1216, 1241, 1242, 1243, 1244, 1275]
(47, 35);[1141, 1164, 1184, 1185, 1186, 1187, 1215, 1217, 1244, 1245, 1246, 1276, 1277, 1278]
(47, 37);[1142, 1165, 1186, 1187, 1188, 1216, 1218, 1245, 1246, 1247, 1278, 1279, 1280]
(47, 40);[1166, 1188, 1189, 1190, 1217, 1219, 1247, 1248, 1249, 1281, 1282]
(47, 42);[1166, 1167, 1189, 1190, 1191, 1192, 1218, 1248, 1249, 1250]
(47, 46);[1147, 1192, 1193, 1194, 1195, 1221, 1222, 1251, 1252, 1253, 1284, 1285, 1286]
(47, 47);[1168, 1193, 1194, 1195, 1196, 1220, 1222, 1251, 1252, 1253, 1254, 1285, 1286, 1287]
(47, 49);[1168, 1194, 1195, 1196, 1220, 1221, 1252, 1253, 1254, 1287]
(48, 0);[1169, 1197, 1224, 1255, 1256]
(48, 1);[1148, 1169, 1170, 1197, 1223, 1225, 1255, 1256, 1257]
(48, 4);[1149, 1171, 1172, 1198, 1199, 1200, 1224, 1256, 1257, 1258]
(48, 8);[1173, 1200, 1201, 1202, 1227, 1228, 1259, 1260, 1261]
(48, 9);[1150, 1173, 1174, 1201, 1202, 1226, 1228, 1259, 1260, 1261, 1262]
(48, 11);[1174, 1202, 1203, 1226, 1227, 1229, 1230, 1260, 1261, 1262, 1263]
(48, 13);[1175, 1203, 1204, 1228, 1230, 1262, 1263, 1264, 1265]
(48, 14);[1152, 1175, 1176, 1203, 1204, 1205, 1228, 1229, 1231, 1263, 1264, 1265]
(48, 17);[1177, 1178, 1204, 1205, 1206, 1207, 1230, 1232, 1233, 1234, 1265, 1266, 1267]
(48, 18);[1178, 1205, 1206, 1207, 1208, 1231, 1233, 1234, 1266, 1267]
(48, 19);[1154, 1178, 1179, 1206, 1207, 1208, 1231, 1232, 1234, 1235, 1266, 1267]
(48, 20);[1155, 1179, 1207, 1208, 1209, 1231, 1232, 1233, 1235, 1266, 1267, 1268]
(48, 22);[1208, 1209, 1210, 1233, 1234, 1236, 1268, 1269]
(48, 24);[1158, 1209, 1210, 1211, 1235, 1237, 1238, 1268, 1269, 1270]
(48, 26);[1159, 1180, 1211, 1212, 1236, 1238, 1239, 1240, 1269, 1270, 1271, 1272]
(48, 27);[1180, 1211, 1212, 1213, 1236, 1237, 1239, 1240, 1241, 1270, 1271, 1272, 1273]
(48, 28);[1160, 1181, 1211, 1212, 1213, 1214, 1237, 1238, 1240, 1241, 1242, 1270, 1271, 1272, 1273, 1274]
(48, 29);[1161, 1181, 1182, 1212, 1213, 1214, 1237, 1238, 1239, 1241, 1242, 1243, 1271, 1272, 1273, 1274]
(48, 30);[1181, 1182, 1213, 1214, 1215, 1238, 1239, 1240, 1242, 1243, 1244, 1272, 1273, 1274]
(48, 31);[1162, 1182, 1183, 1213, 1214, 1215, 1239, 1240, 1241, 1243, 1244, 1273, 1274, 1275]
(48, 32);[1183, 1184, 1214, 1215, 1240, 1241, 1242, 1244, 1245, 1274, 1275, 1276]
(48, 33);[1163, 1183, 1184, 1185, 1215, 1216, 1241, 1242, 1243, 1245, 1246, 1275, 1276, 1277]
(48, 35);[1185, 1186, 1187, 1216, 1217, 1243, 1244, 1246, 1275, 1276, 1277, 1278, 1279]
(48, 36);[1186, 1187, 1216, 1217, 1244, 1245, 1247, 1276, 1277, 1278, 1279, 1280]
(48, 39);[1188, 1189, 1217, 1218, 1246, 1248, 1249, 1279, 1280, 1281, 1282]
(48, 40);[1189, 1218, 1219, 1247, 1249, 1250, 1280, 1281, 1282]
(48, 42);[1190, 1191, 1218, 1219, 1247, 1248, 1250, 1282, 1283]
(48, 43);[1167, 1190, 1191, 1192, 1219, 1248, 1249, 1251, 1283, 1284]
(48, 46);[1193, 1194, 1220, 1221, 1250, 1252, 1253, 1254, 1283, 1284, 1285, 1286, 1287]
(48, 47);[1194, 1195, 1220, 1221, 1222, 1251, 1253, 1254, 1284, 1285, 1286, 1287]
(48, 48);[1168, 1194, 1195, 1196, 1220, 1221, 1222, 1251, 1252, 1254, 1285, 1286, 1287]
(48, 49);[1195, 1196, 1221, 1222, 1251, 1252, 1253, 1286, 1287]
(49, 1);[1197, 1223, 1224, 1256, 1257, 1258]
(49, 2);[1170, 1197, 1223, 1224, 1225, 1255, 1257, 1258]
(49, 3);[1171, 1198, 1224, 1225, 1255, 1256, 1258]
(49, 4);[1172, 1198, 1199, 1225, 1255, 1256, 1257, 1259]
(49, 7);[1200, 1201, 1226, 1227, 1258, 1260, 1261]
(49, 9);[1201, 1202, 1226, 1227, 1228, 1259, 1261, 1262, 1263]
(49, 10);[1174, 1202, 1226, 1227, 1228, 1259, 1260, 1262, 1263]
(49, 11);[1203, 1227, 1228, 1229, 1260, 1261, 1263, 1264]
(49, 12);[1203, 1228, 1229, 1230, 1260, 1261, 1262, 1264, 1265]
(49, 14);[1175, 1204, 1229, 1230, 1262, 1263, 1265]
(49, 15);[1176, 1204, 1205, 1229, 1230, 1231, 1263, 1264, 1266]
(49, 18);[1178, 1206, 1207, 1231, 1232, 1233, 1234, 1265, 1267]
(49, 19);[1207, 1208, 1231, 1232, 1233, 1234, 1266, 1268]
(49, 22);[1209, 1210, 1234, 1235, 1236, 1267, 1269]
(49, 24);[1210, 1235, 1236, 1237, 1268, 1270, 1271]
(49, 26);[1180, 1211, 1212, 1236, 1237, 1238, 1239, 1269, 1271, 1272, 1273]
(49, 27);[1211, 1212, 1237, 1238, 1239, 1240, 1269, 1270, 1272, 1273, 1274]
(49, 28);[1212, 1213, 1237, 1238, 1239, 1240, 1241, 1270, 1271, 1273, 1274]
(49, 29);[1181, 1213, 1214, 1238, 1239, 1240, 1241, 1242, 1270, 1271, 1272, 1274]
(49, 30);[1182, 1213, 1214, 1239, 1240, 1241, 1242, 1243, 1271, 1272, 1273, 1275]
(49, 33);[1184, 1215, 1242, 1243, 1244, 1245, 1274, 1276, 1277, 1278]
(49, 34);[1185, 1216, 1243, 1244, 1245, 1246, 1275, 1277, 1278, 1279]
(49, 35);[1186, 1216, 1244, 1245, 1246, 1275, 1276, 1278, 1279, 1280]
(49, 36);[1187, 1216, 1217, 1245, 1246, 1275, 1276, 1277, 1279, 1280, 1281]
(49, 37);[1217, 1245, 1246, 1247, 1276, 1277, 1278, 1280, 1281, 1282]
(49, 38);[1188, 1217, 1246, 1247, 1248, 1277, 1278, 1279, 1281, 1282]
(49, 39);[1218, 1247, 1248, 1278, 1279, 1280, 1282]
(49, 40);[1189, 1218, 1247, 1248, 1249, 1279, 1280, 1281]
(49, 44);[1192, 1249, 1250, 1251, 1284, 1285, 1286]
(49, 45);[1193, 1220, 1250, 1251, 1252, 1283, 1285, 1286, 1287]
(49, 46);[1220, 1221, 1251, 1252, 1253, 1283, 1284, 1286, 1287]
(49, 47);[1194, 1220, 1221, 1251, 1252, 1253, 1254, 1283, 1284, 1285, 1287]
(49, 48);[1195, 1221, 1222, 1251, 1252, 1253, 1254, 1284, 1285, 1286]
