(0, 1);[23]
(0, 6);[2, 3, 25, 26]
(0, 7);[1, 3, 26, 27, 47]
(0, 8);[1, 2, 26, 27, 28, 48]
(0, 16);[5, 6, 30, 54]
(0, 17);[4, 6, 7, 30, 55]
(0, 18);[4, 5, 7, 30]
(0, 19);[5, 6, 31, 56]
(0, 22);[32, 57]
(0, 25);[10, 33]
(0, 27);[9, 11, 34, 35, 60]
(0, 28);[10, 12, 34, 35]
(0, 30);[11, 13, 36, 37, 62]
(0, 31);[12, 36, 37, 38]
(0, 34);[15, 39]
(0, 36);[14, 16, 17, 40, 64]
(0, 37);[15, 17, 40, 41]
(0, 38);[15, 16, 18, 40, 41, 65]
(0, 40);[17, 42, 43, 67]
(0, 45);[20, 21, 44, 70]
(0, 46);[19, 21, 22, 44, 71]
(0, 47);[19, 20, 22]
(0, 48);[20, 21]
(1, 1);[0, 73]
(1, 4);[25, 45, 46, 75]
(1, 5);[1, 24, 26, 46, 76]
(1, 7);[1, 2, 3, 25, 27, 28, 47, 48, 77]
(1, 8);[2, 3, 26, 28, 29, 47, 48, 78]
(1, 9);[3, 26, 27, 29, 48, 49, 79]
(1, 10);[27, 28, 49, 50, 80]
(1, 17);[4, 5, 6, 54, 55]
(1, 20);[7, 32, 56]
(1, 22);[8, 31, 33, 57, 58]
(1, 24);[9, 32, 58, 59, 87]
(1, 27);[10, 11, 35, 60]
(1, 28);[10, 11, 34, 36, 60, 61, 88]
(1, 30);[12, 13, 35, 37, 38, 61, 62, 90]
(1, 31);[12, 13, 36, 38, 62, 63, 91]
(1, 32);[13, 36, 37, 39, 63]
(1, 34);[14, 38]
(1, 37);[15, 16, 17, 41, 64, 65, 93]
(1, 38);[16, 17, 40, 42, 65, 66]
(1, 40);[18, 41, 43, 66, 67, 68, 95]
(1, 41);[18, 42, 67, 68, 96]
(1, 45);[19, 20, 69, 70, 71]
(2, 3);[24, 46, 74, 75, 99]
(2, 5);[24, 25, 45, 47, 75, 76]
(2, 7);[2, 26, 27, 46, 48, 77, 78]
(2, 8);[3, 26, 27, 28, 47, 49, 77, 78, 79]
(2, 10);[28, 29, 48, 50, 51, 79, 80, 81]
(2, 11);[29, 49, 51, 52, 80, 81, 82, 103]
(2, 12);[49, 50, 52, 81, 82]
(2, 13);[50, 51, 53, 82, 104]
(2, 15);[52, 54, 55, 83]
(2, 16);[4, 30, 53, 55, 83, 106]
(2, 17);[5, 30, 53, 54, 56, 84]
(2, 19);[7, 31, 55, 84, 85, 107]
(2, 22);[8, 32, 58, 59, 86, 109]
(2, 23);[32, 33, 57, 59, 87]
(2, 24);[33, 57, 58, 87]
(2, 27);[10, 34, 35, 61, 88, 111]
(2, 29);[35, 36, 60, 62, 88, 89, 90]
(2, 30);[12, 36, 37, 61, 63, 89, 90, 91, 112]
(2, 32);[37, 38, 62, 91]
(2, 36);[15, 40, 65, 92, 93]
(2, 38);[17, 40, 41, 64, 66, 67, 93, 94]
(2, 39);[41, 42, 65, 67, 68, 94, 95]
(2, 40);[18, 42, 43, 65, 66, 68, 94, 95, 96, 116]
(2, 41);[42, 43, 66, 67, 95, 96, 97, 117]
(2, 44);[44, 70, 71]
(2, 45);[19, 44, 69, 71, 119]
(2, 46);[20, 44, 69, 70, 120]
(3, 0);[73, 123]
(3, 1);[23, 72, 74, 124]
(3, 3);[45, 73, 75, 76, 99, 100, 126]
(3, 4);[24, 45, 46, 74, 76, 99, 100, 127]
(3, 5);[25, 46, 74, 75, 77, 100, 101]
(3, 7);[26, 47, 48, 76, 78, 79, 101]
(3, 8);[27, 47, 48, 77, 79, 80, 102, 129]
(3, 9);[28, 48, 49, 77, 78, 80, 81, 102, 130]
(3, 10);[29, 49, 50, 78, 79, 81, 82, 102, 103]
(3, 11);[49, 50, 51, 79, 80, 82, 103]
(3, 12);[50, 51, 52, 80, 81, 103, 104]
(3, 15);[53, 54, 105, 106, 133]
(3, 18);[55, 56, 85, 107, 134]
(3, 19);[56, 84, 86, 107, 108]
(3, 21);[57, 85, 108, 109]
(3, 24);[33, 58, 59, 110]
(3, 28);[35, 60, 61, 89, 90, 111]
(3, 29);[61, 62, 88, 90, 91, 112]
(3, 30);[36, 61, 62, 88, 89, 91, 112, 113, 138]
(3, 31);[37, 62, 63, 89, 90, 112, 113]
(3, 35);[64, 93, 140]
(3, 37);[40, 64, 65, 92, 94, 115, 142]
(3, 39);[65, 66, 67, 93, 95, 96, 116]
(3, 40);[42, 66, 67, 68, 94, 96, 97, 116, 117, 144]
(3, 41);[43, 67, 68, 94, 95, 97, 116, 117, 118, 145]
(3, 42);[68, 95, 96, 117, 118, 146]
(3, 49);[122, 151]
(4, 3);[45, 74, 75, 100, 125, 126, 127]
(4, 4);[74, 75, 76, 99, 101, 126, 127]
(4, 6);[76, 77, 100, 128]
(4, 9);[78, 79, 80, 103, 129, 130]
(4, 11);[50, 80, 81, 82, 102, 104]
(4, 13);[52, 82, 103, 105, 131, 132, 157]
(4, 14);[83, 104, 106, 131, 132, 133, 158]
(4, 16);[54, 83, 105, 133]
(4, 19);[56, 84, 85, 108, 134]
(4, 20);[85, 86, 107, 109]
(4, 22);[57, 86, 108, 135, 160]
(4, 25);[87, 111, 136, 137]
(4, 27);[60, 88, 110, 137, 162]
(4, 30);[62, 89, 90, 91, 113, 138]
(4, 31);[90, 91, 112, 114, 138]
(4, 33);[113, 139, 165]
(4, 37);[93, 141, 142, 143]
(4, 40);[67, 94, 95, 96, 117, 118, 144, 145]
(4, 41);[68, 95, 96, 97, 116, 118, 144, 145, 146]
(4, 42);[96, 97, 116, 117, 145, 146]
(4, 45);[70, 120, 121, 147, 148, 149, 171]
(4, 46);[71, 119, 121, 148, 149]
(4, 47);[119, 120, 122, 149, 150, 172]
(4, 49);[98, 121, 150, 151, 174]
(5, 0);[72, 124, 125, 152, 153]
(5, 1);[73, 123, 125, 126, 152, 153, 175]
(5, 2);[99, 123, 124, 126, 127, 153, 176]
(5, 3);[74, 99, 100, 124, 125, 127]
(5, 4);[75, 99, 100, 125, 126, 128]
(5, 6);[101, 127, 129, 154, 178]
(5, 8);[78, 102, 128, 130, 154, 180]
(5, 9);[79, 102, 129, 155, 181]
(5, 13);[104, 105, 132, 133, 156, 157, 158, 183]
(5, 14);[104, 105, 131, 133, 157, 158]
(5, 15);[83, 105, 106, 131, 132, 158]
(5, 18);[84, 107, 159, 186]
(5, 22);[109, 160, 161, 189]
(5, 25);[110, 137]
(5, 26);[110, 111, 136, 162, 191]
(5, 30);[90, 112, 113, 164, 194]
(5, 34);[114, 140, 141, 165, 166]
(5, 35);[92, 139, 141, 142, 166, 167]
(5, 36);[115, 139, 140, 142, 143, 166, 167, 196]
(5, 37);[93, 115, 140, 141, 143, 167]
(5, 38);[115, 141, 142, 144, 168]
(5, 40);[95, 116, 117, 143, 145, 146, 168, 197]
(5, 41);[96, 116, 117, 118, 144, 146, 198]
(5, 42);[97, 117, 118, 144, 145, 147, 169]
(5, 44);[119, 146, 148, 149, 169, 170, 171, 200]
(5, 45);[119, 120, 147, 149, 170, 171]
(5, 46);[119, 120, 121, 147, 148, 150, 171, 172, 201]
(5, 48);[121, 122, 149, 151, 172, 173, 174, 203]
(5, 49);[98, 122, 150, 173, 174]
(6, 0);[123, 124, 153, 175]
(6, 1);[123, 124, 125, 152, 175, 176, 204]
(6, 7);[128, 129, 178, 179, 180]
(6, 10);[130, 156, 181]
(6, 12);[131, 155, 157, 158, 182, 183]
(6, 13);[104, 131, 132, 156, 158, 182, 183]
(6, 14);[105, 131, 132, 133, 156, 157, 183, 209]
(6, 18);[134, 185, 186, 187, 212]
(6, 22);[109, 135, 161, 188, 189, 190, 214]
(6, 23);[135, 160, 189, 190, 215]
(6, 27);[111, 137, 163, 164, 191, 192, 193]
(6, 28);[162, 164, 192, 193]
(6, 29);[138, 162, 163, 193, 194, 216]
(6, 33);[114, 139, 166, 195, 218]
(6, 35);[139, 140, 141, 165, 167, 196, 219]
(6, 36);[140, 141, 142, 166, 196]
(6, 39);[143, 144, 197, 220]
(6, 43);[146, 147, 170, 171, 199, 200]
(6, 44);[147, 148, 169, 171, 199, 200]
(6, 45);[119, 147, 148, 149, 169, 170, 172, 200, 201, 222]
(6, 47);[121, 149, 150, 171, 173, 174, 201, 202, 203, 224]
(6, 48);[150, 151, 172, 174, 202, 203, 225]
(6, 49);[122, 150, 151, 172, 173, 203]
(7, 1);[124, 152, 153, 176, 204, 205, 226]
(7, 2);[125, 153, 175, 204, 205, 227]
(7, 5);[178, 179, 206]
(7, 6);[128, 154, 177, 179, 180, 206, 230]
(7, 7);[154, 177, 178, 180, 181, 206, 207, 231]
(7, 8);[129, 154, 178, 179, 181, 207, 208]
(7, 9);[130, 155, 179, 180, 207, 208]
(7, 12);[156, 157, 183, 232]
(7, 13);[131, 156, 157, 158, 182, 209, 233]
(7, 16);[185, 186, 210, 211]
(7, 17);[159, 184, 186, 187, 211, 212, 235]
(7, 18);[134, 159, 184, 185, 187, 211, 212, 236]
(7, 19);[159, 185, 186, 188, 212]
(7, 21);[160, 187, 189, 190, 213, 214, 238]
(7, 22);[135, 160, 161, 188, 190, 213, 214, 215, 239]
(7, 23);[160, 161, 188, 189, 214, 215]
(7, 26);[137, 162, 192, 193]
(7, 27);[162, 163, 191, 193]
(7, 28);[162, 163, 164, 191, 192, 194, 216]
(7, 30);[138, 164, 193, 195, 216]
(7, 32);[165, 194, 217, 218, 241]
(7, 36);[141, 166, 167, 219]
(7, 40);[144, 168, 198, 220, 246]
(7, 41);[145, 197, 199, 221]
(7, 43);[169, 170, 198, 200, 221]
(7, 44);[147, 169, 170, 171, 199, 201, 222, 247]
(7, 46);[149, 171, 172, 200, 202, 203, 222, 223, 224]
(7, 47);[172, 173, 201, 203, 223, 224, 225, 248]
(7, 48);[150, 172, 173, 174, 201, 202, 224, 225]
(8, 1);[153, 175, 176, 205, 226, 227, 250]
(8, 2);[175, 176, 204, 226, 227, 228]
(8, 6);[177, 178, 179, 207, 230, 231]
(8, 8);[179, 180, 181, 206, 208, 231]
(8, 9);[180, 181, 207, 253]
(8, 14);[158, 183, 210, 233, 234, 257]
(8, 15);[184, 209, 211, 234, 258]
(8, 17);[184, 185, 186, 210, 212, 235, 236]
(8, 18);[159, 185, 186, 187, 211, 235, 236, 260]
(8, 21);[188, 189, 214, 215, 237, 238, 239]
(8, 22);[160, 188, 189, 190, 213, 215, 238, 239, 263]
(8, 23);[161, 189, 190, 213, 214, 239]
(8, 29);[164, 193, 194]
(8, 32);[195, 218, 241, 242]
(8, 33);[165, 195, 217, 219, 241, 242, 266]
(8, 35);[166, 196, 218, 243]
(8, 39);[168, 197, 245, 246, 271]
(8, 42);[198, 199, 272]
(8, 45);[171, 200, 201, 223, 224, 247]
(8, 46);[201, 202, 222, 224, 225, 248]
(8, 47);[172, 201, 202, 203, 222, 223, 225, 248]
(8, 48);[173, 202, 203, 223, 224, 248]
(9, 1);[175, 204, 205, 227, 228, 249, 250]
(9, 2);[176, 204, 205, 226, 228, 229, 250, 251, 275]
(9, 3);[205, 226, 227, 229, 251]
(9, 4);[227, 228, 230, 251, 252, 276]
(9, 6);[178, 206, 229, 231, 252]
(9, 7);[179, 206, 207, 230, 277]
(9, 12);[182, 233, 254, 255, 256]
(9, 13);[183, 209, 232, 234, 255, 256, 257]
(9, 15);[209, 210, 233, 235, 257, 258, 259]
(9, 17);[185, 211, 212, 234, 236, 259, 260, 281]
(9, 18);[186, 211, 212, 235, 237, 260, 261]
(9, 20);[213, 236, 238, 239, 261, 262, 282]
(9, 21);[188, 213, 214, 237, 239, 262, 263, 283]
(9, 22);[189, 213, 214, 215, 237, 238, 263, 284]
(9, 25);[264, 286]
(9, 32);[195, 217, 218, 242, 265, 266]
(9, 33);[217, 218, 241, 243, 266, 267]
(9, 35);[219, 242, 244, 267, 268]
(9, 37);[243, 245, 268, 269, 270, 291]
(9, 38);[220, 244, 246, 269, 270, 271, 292]
(9, 40);[197, 220, 245, 271, 294]
(9, 44);[200, 222, 273]
(9, 47);[202, 223, 224, 225]
(10, 0);[226, 250, 274, 299]
(10, 1);[204, 226, 227, 249, 251, 274, 275, 300]
(10, 3);[227, 228, 229, 250, 252, 275, 276]
(10, 5);[229, 230, 251, 276]
(10, 9);[208, 254, 278]
(10, 11);[232, 253, 255, 256, 278, 306]
(10, 12);[232, 233, 254, 256, 257, 307]
(10, 13);[232, 233, 254, 255, 257, 258, 279, 308]
(10, 14);[209, 233, 234, 255, 256, 258, 259, 279, 309]
(10, 15);[210, 234, 256, 257, 259, 279, 280]
(10, 16);[234, 235, 257, 258, 260, 280, 281, 310]
(10, 18);[212, 235, 236, 259, 261, 262, 281]
(10, 19);[236, 237, 260, 262, 282, 312]
(10, 20);[237, 238, 260, 261, 263, 282, 283, 313]
(10, 22);[214, 238, 239, 262, 283, 284, 285]
(10, 25);[240, 286, 315]
(10, 31);[241, 266, 289, 319]
(10, 33);[218, 241, 242, 265, 267, 290]
(10, 34);[242, 243, 266, 268, 290, 320]
(10, 36);[243, 244, 267, 269, 270, 291]
(10, 37);[244, 245, 268, 270, 271, 291, 292]
(10, 38);[244, 245, 268, 269, 271, 291, 292, 293]
(10, 39);[220, 245, 246, 269, 270, 292, 293, 294]
(10, 42);[221, 273, 295, 322]
(10, 43);[247, 272, 295, 323]
(11, 0);[249, 250, 275, 299, 300, 325]
(11, 2);[227, 250, 251, 274, 276, 300, 301]
(11, 4);[229, 251, 252, 275, 302]
(11, 7);[231, 303, 304]
(11, 10);[253, 254, 305, 306, 328]
(11, 14);[256, 257, 258, 280, 308, 309]
(11, 16);[258, 259, 279, 281, 310, 311, 331]
(11, 17);[235, 259, 260, 280, 310, 311, 332]
(11, 20);[237, 261, 262, 283, 284, 312, 313, 334]
(11, 21);[238, 262, 263, 282, 284, 285, 313]
(11, 22);[239, 263, 282, 283, 285, 335]
(11, 23);[263, 283, 284, 286, 314]
(11, 25);[240, 264, 285, 287, 314, 315]
(11, 27);[286, 288, 316]
(11, 28);[287, 289, 316, 317]
(11, 30);[265, 288, 317, 318, 319, 338]
(11, 34);[266, 267, 320]
(11, 37);[244, 268, 269, 270, 292, 293, 342]
(11, 38);[245, 269, 270, 271, 291, 293, 294, 343]
(11, 39);[270, 271, 291, 292, 294, 344]
(11, 40);[246, 271, 292, 293, 295, 321]
(11, 42);[272, 273, 294, 321, 322, 323]
(11, 45);[324]
(11, 48);[298, 347]
(11, 49);[297, 348]
(12, 0);[249, 274, 300, 301, 325, 326, 349]
(12, 1);[250, 274, 275, 299, 301, 325, 326]
(12, 2);[275, 299, 300, 302, 326, 350]
(12, 4);[276, 301]
(12, 7);[277, 304, 327, 351]
(12, 8);[277, 303, 305, 352]
(12, 10);[278, 304, 306, 307, 328, 329]
(12, 11);[254, 278, 305, 307, 308, 328, 329, 330, 354]
(12, 12);[255, 305, 306, 308, 309, 329, 330]
(12, 13);[256, 279, 306, 307, 309, 330]
(12, 14);[257, 279, 307, 308, 310, 355]
(12, 16);[259, 280, 281, 309, 311, 331, 332, 356]
(12, 17);[280, 281, 310, 312, 331, 332, 333, 357]
(12, 19);[261, 282, 311, 313, 333, 334, 358]
(12, 20);[262, 282, 283, 312, 334, 359]
(12, 24);[285, 286, 315, 336]
(12, 25);[264, 286, 314, 316, 336, 363]
(12, 27);[287, 288, 315, 317, 364]
(12, 29);[288, 289, 316, 318, 319, 337, 338, 365]
(12, 30);[289, 317, 319, 337, 338, 339]
(12, 31);[265, 289, 317, 318, 338, 339]
(12, 34);[267, 290, 340, 341, 367]
(12, 41);[294, 295, 322, 323, 372]
(12, 42);[272, 295, 321, 323, 345]
(12, 43);[273, 295, 321, 322, 324, 345]
(12, 45);[296, 323, 374]
(13, 0);[274, 299, 300, 326, 349]
(13, 1);[299, 300, 301, 325, 349, 350, 377]
(13, 6);[303, 351, 381]
(13, 10);[278, 305, 306, 329, 330, 353, 354, 384]
(13, 11);[305, 306, 307, 328, 330, 354]
(13, 12);[306, 307, 308, 328, 329, 354, 385]
(13, 16);[280, 310, 311, 332, 333, 356, 357]
(13, 17);[281, 310, 311, 331, 333, 356, 357, 386]
(13, 18);[311, 312, 331, 332, 334, 357, 358, 387]
(13, 20);[282, 312, 313, 333, 335, 358, 359, 360]
(13, 22);[284, 334, 336, 360, 361, 362, 388]
(13, 24);[314, 315, 335, 362, 363]
(13, 29);[317, 318, 338, 339, 365, 392]
(13, 30);[289, 317, 318, 319, 337, 339, 365, 393]
(13, 31);[318, 319, 337, 338, 340, 366, 394]
(13, 33);[320, 339, 341, 366, 367, 396]
(13, 35);[320, 340, 342, 367, 368]
(13, 37);[291, 341, 343, 344, 369]
(13, 38);[292, 342, 344, 369, 370]
(13, 39);[293, 342, 343, 370, 371, 398]
(13, 43);[322, 323, 373, 400]
(13, 47);[347, 348, 375]
(13, 48);[297, 346, 348, 375, 376]
(13, 49);[298, 346, 347, 375, 376, 404]
(14, 0);[299, 325, 326, 350, 377]
(14, 2);[301, 326, 349, 377, 378]
(14, 7);[303, 327, 352, 353, 381, 382]
(14, 8);[304, 351, 353, 382, 383, 406]
(14, 9);[328, 351, 352, 354, 383, 384]
(14, 11);[306, 328, 329, 330, 353, 384, 385, 407]
(14, 14);[309, 356, 408]
(14, 16);[310, 331, 332, 355, 357, 386, 410]
(14, 17);[311, 331, 332, 333, 356, 358, 386, 387, 411]
(14, 19);[312, 333, 334, 357, 359, 360, 387, 413]
(14, 20);[313, 334, 358, 360, 361]
(14, 21);[334, 335, 358, 359, 361, 362, 388, 414]
(14, 22);[335, 359, 360, 362, 388, 415]
(14, 23);[335, 336, 360, 361, 363, 388, 416]
(14, 25);[315, 336, 362, 364, 389, 417]
(14, 27);[316, 363, 365, 389, 390, 391, 418]
(14, 29);[317, 337, 338, 364, 391, 392, 393, 420]
(14, 32);[339, 340, 367, 394, 395, 396, 422]
(14, 34);[320, 340, 341, 366, 368, 396, 423]
(14, 35);[341, 367, 369, 397]
(14, 37);[342, 343, 368, 370, 397, 425]
(14, 39);[343, 344, 369, 371, 372, 398, 426]
(14, 40);[344, 370, 372, 398, 427]
(14, 41);[321, 370, 371, 399]
(14, 44);[345, 374, 400, 401, 402]
(14, 45);[324, 373, 401, 402, 403]
(14, 48);[346, 347, 348, 376, 404, 430]
(14, 49);[347, 348, 375, 404, 431]
(15, 1);[326, 349, 350, 378]
(15, 2);[350, 377, 379, 433]
(15, 4);[378, 380, 381, 405]
(15, 5);[379, 381, 382, 405]
(15, 6);[327, 351, 379, 380, 382, 405]
(15, 7);[351, 352, 380, 381, 383, 406, 434]
(15, 9);[352, 353, 382, 384, 406, 435]
(15, 10);[328, 353, 354, 383, 385, 407, 436]
(15, 12);[330, 354, 384, 407]
(15, 17);[332, 356, 357, 387, 410, 411, 412, 439]
(15, 18);[333, 357, 358, 386, 411, 412, 413]
(15, 22);[335, 360, 361, 362, 414, 415, 416, 441]
(15, 26);[363, 364, 390, 391, 417, 418, 444]
(15, 27);[364, 389, 391, 392, 418, 419]
(15, 28);[364, 365, 389, 390, 392, 393, 418, 419, 420, 445]
(15, 29);[337, 365, 390, 391, 393, 394, 419, 420, 421, 446]
(15, 30);[338, 365, 391, 392, 394, 395, 420, 421, 447]
(15, 31);[339, 366, 392, 393, 395, 396, 421, 422, 448]
(15, 32);[366, 393, 394, 396, 422, 449]
(15, 33);[340, 366, 367, 394, 395, 422, 423]
(15, 36);[368, 369, 424, 425, 452]
(15, 39);[344, 370, 371, 426, 427, 454]
(15, 42);[372, 400, 401, 428]
(15, 43);[345, 373, 399, 401, 402, 428]
(15, 44);[373, 374, 399, 400, 402, 403, 457]
(15, 45);[373, 374, 400, 401, 403, 429, 458]
(15, 46);[374, 401, 402, 429, 459]
(15, 49);[348, 375, 376, 430, 431]
(16, 5);[379, 380, 381, 462]
(16, 8);[352, 382, 383, 434, 435]
(16, 11);[354, 384, 385, 436, 466]
(16, 14);[355, 409, 410, 437]
(16, 15);[408, 410, 411, 438, 468]
(16, 16);[356, 386, 408, 409, 411, 412, 438, 439, 469]
(16, 17);[357, 386, 387, 409, 410, 412, 413, 438, 439]
(16, 18);[386, 387, 410, 411, 413, 439, 440]
(16, 19);[358, 387, 411, 412, 414, 440]
(16, 21);[360, 388, 413, 415, 416, 441]
(16, 22);[361, 388, 414, 416, 441, 442]
(16, 23);[362, 388, 414, 415, 417, 441, 442, 443]
(16, 25);[363, 389, 416, 418, 443, 444, 471]
(16, 27);[364, 389, 390, 391, 417, 419, 420, 444, 445, 473]
(16, 28);[390, 391, 392, 418, 420, 421, 445, 446]
(16, 29);[365, 391, 392, 393, 418, 419, 421, 445, 446, 447]
(16, 30);[392, 393, 394, 419, 420, 422, 446, 447, 448, 474]
(16, 32);[366, 394, 395, 396, 421, 423, 448, 449, 475]
(16, 34);[367, 396, 422, 424, 450, 451]
(16, 36);[397, 423, 425, 451, 452, 453, 476]
(16, 37);[369, 397, 424, 426, 452, 453]
(16, 39);[370, 398, 425, 427, 454, 455]
(16, 40);[371, 398, 426, 428, 454, 455, 456]
(16, 42);[399, 400, 427, 456]
(16, 46);[402, 403, 430, 458, 459]
(16, 48);[375, 404, 429, 431, 480]
(16, 49);[376, 404, 430, 481]
(17, 0);[433, 460, 482]
(17, 2);[378, 432]
(17, 7);[382, 406, 435, 463, 464]
(17, 9);[383, 406, 434, 436, 465, 485]
(17, 10);[384, 407, 435, 465, 466]
(17, 13);[408, 467, 488]
(17, 16);[409, 410, 411, 439, 468, 469]
(17, 17);[386, 410, 411, 412, 438, 440, 469, 490]
(17, 19);[412, 413, 439]
(17, 22);[388, 414, 415, 416, 442, 443]
(17, 23);[415, 416, 441, 443, 470, 492]
(17, 24);[416, 417, 441, 442, 444, 470, 471]
(17, 26);[389, 417, 418, 443, 445, 471, 472, 473]
(17, 28);[391, 418, 419, 420, 444, 446, 447, 473]
(17, 29);[392, 419, 420, 421, 445, 447, 448, 474, 494]
(17, 30);[393, 420, 421, 445, 446, 448, 449, 474, 495]
(17, 31);[394, 421, 422, 446, 447, 449, 474, 475, 496]
(17, 32);[395, 422, 447, 448, 450, 475, 497]
(17, 34);[423, 449, 451, 452, 498]
(17, 35);[423, 424, 450, 452, 453, 476]
(17, 36);[397, 424, 425, 450, 451, 453, 476, 499]
(17, 37);[424, 425, 451, 452, 454, 476]
(17, 39);[398, 426, 427, 453, 455, 456, 501]
(17, 40);[426, 427, 454, 456, 477, 502]
(17, 41);[427, 428, 454, 455, 477, 503]
(17, 44);[401, 458, 459, 478, 479]
(17, 45);[402, 429, 457, 459, 479]
(17, 46);[403, 429, 457, 458, 479]
(18, 0);[432, 482, 507]
(18, 4);[462, 463, 483, 484, 509]
(18, 5);[405, 461, 463, 464, 483, 484]
(18, 6);[434, 461, 462, 464, 484, 510]
(18, 7);[434, 462, 463, 465, 511]
(18, 9);[435, 436, 464, 466, 485]
(18, 11);[407, 436, 465, 467, 486, 487, 513]
(18, 12);[437, 466, 486, 487, 488, 514]
(18, 15);[409, 438, 469, 489]
(18, 16);[410, 438, 439, 468, 490, 516]
(18, 24);[442, 443, 471, 472, 492, 493, 520]
(18, 25);[417, 443, 444, 470, 472, 473, 493, 521]
(18, 26);[444, 470, 471, 473, 493]
(18, 27);[418, 444, 445, 471, 472, 522]
(18, 30);[421, 446, 447, 448, 475, 494, 495, 496]
(18, 32);[422, 448, 449, 474, 496, 497]
(18, 36);[424, 451, 452, 453, 499, 527]
(18, 41);[455, 456, 478, 502, 503, 504, 531]
(18, 43);[457, 477, 479, 504, 533]
(18, 45);[457, 458, 459, 478]
(18, 48);[430, 481, 505, 506]
(18, 49);[431, 480, 506, 535]
(19, 0);[432, 460, 507, 536]
(19, 4);[461, 462, 484, 509]
(19, 5);[461, 462, 463, 483, 509, 510, 538]
(19, 9);[435, 465, 486, 512, 541]
(19, 11);[466, 467, 485, 487, 488, 513, 514]
(19, 12);[466, 467, 486, 488, 489, 513, 514, 515, 542]
(19, 13);[437, 467, 486, 487, 489, 514, 515]
(19, 14);[468, 487, 488, 515]
(19, 17);[439, 469, 516]
(19, 21);[492, 517, 518]
(19, 23);[442, 470, 491, 493, 518, 519, 520]
(19, 25);[470, 471, 472, 492, 520, 521, 547]
(19, 29);[446, 474, 495, 496, 523]
(19, 30);[447, 474, 494, 496, 497, 524, 550]
(19, 31);[448, 474, 475, 494, 495, 497, 524, 551]
(19, 32);[449, 475, 495, 496, 498, 524, 525, 552]
(19, 34);[450, 497, 499, 525, 526]
(19, 36);[452, 476, 498, 500, 527, 553]
(19, 38);[499, 501, 502, 528, 529]
(19, 39);[454, 500, 502, 503, 528, 529, 530]
(19, 40);[455, 477, 500, 501, 503, 504, 529, 530, 531]
(19, 41);[456, 477, 501, 502, 504, 530, 531, 532, 555]
(19, 42);[477, 478, 502, 503, 531, 532, 533]
(19, 47);[480, 506]
(19, 49);[480, 481, 505, 535, 559]
(20, 0);[460, 482, 508, 536, 537]
(20, 2);[507, 509, 537]
(20, 4);[461, 483, 484, 508, 510, 538, 560]
(20, 6);[463, 484, 509, 511, 512, 538, 539, 561]
(20, 7);[464, 510, 512, 539, 540, 562]
(20, 8);[485, 510, 511, 539, 540, 541, 563]
(20, 11);[466, 486, 487, 514, 515, 542]
(20, 12);[467, 486, 487, 488, 513, 515, 542]
(20, 13);[487, 488, 489, 513, 514, 542, 565]
(20, 16);[469, 490, 566]
(20, 21);[491, 518, 519, 545, 546, 568]
(20, 22);[491, 492, 517, 519, 520, 546, 569]
(20, 23);[492, 517, 518, 520, 521, 546, 570]
(20, 24);[470, 492, 493, 518, 519, 521, 547, 571]
(20, 25);[471, 493, 519, 520, 522, 547]
(20, 27);[473, 521, 523, 548, 549]
(20, 28);[494, 522, 548, 549]
(20, 31);[495, 496, 497, 525, 550, 551, 552]
(20, 33);[497, 498, 524, 526, 552, 574]
(20, 34);[498, 525, 527]
(20, 36);[476, 499, 526, 528, 553, 554]
(20, 38);[500, 501, 527, 529, 530, 554]
(20, 39);[500, 501, 502, 528, 530, 531, 576]
(20, 40);[501, 502, 503, 528, 529, 531, 532, 555, 577]
(20, 41);[477, 502, 503, 504, 529, 530, 532, 533, 555]
(20, 42);[503, 504, 530, 531, 533, 534, 555, 556, 578]
(20, 43);[478, 504, 531, 532, 534, 556, 557, 579]
(20, 44);[532, 533, 556, 557, 580]
(20, 49);[481, 506, 559]
(21, 0);[482, 507, 537]
(21, 1);[507, 508, 536]
(21, 5);[484, 509, 510, 539, 560, 561]
(21, 7);[510, 511, 512, 538, 540, 541, 561, 562, 563, 585]
(21, 8);[511, 512, 539, 541, 562, 563, 586]
(21, 9);[485, 512, 539, 540, 563, 564]
(21, 12);[487, 513, 514, 515, 565, 588]
(21, 18);[544, 545, 567, 591]
(21, 19);[543, 545]
(21, 20);[517, 543, 544, 546, 568, 592]
(21, 22);[517, 518, 519, 545, 568, 569, 570]
(21, 25);[493, 520, 521, 548, 571]
(21, 27);[522, 523, 547, 549, 594]
(21, 28);[522, 523, 548, 550, 595]
(21, 30);[495, 524, 549, 551, 552, 572, 597]
(21, 31);[496, 524, 550, 552, 572, 573]
(21, 32);[497, 524, 525, 550, 551, 573, 574]
(21, 36);[499, 527, 554, 575, 599]
(21, 37);[527, 528, 553, 575]
(21, 41);[503, 530, 531, 532, 556, 577, 578]
(21, 43);[532, 533, 534, 555, 557, 578, 579, 580, 602]
(21, 44);[533, 534, 556, 558, 579, 580]
(21, 46);[557, 581, 604]
(21, 49);[506, 535, 606]
(22, 4);[509, 538, 561, 583, 584]
(22, 6);[510, 538, 539, 560, 562, 563, 585]
(22, 7);[511, 539, 540, 561, 563, 585, 586, 609]
(22, 8);[512, 539, 540, 541, 561, 562, 564, 585, 586, 610]
(22, 10);[541, 563, 587, 611]
(22, 13);[515, 542, 588, 589]
(22, 16);[516, 567, 590, 614]
(22, 17);[543, 566, 591]
(22, 21);[517, 545, 546, 569, 570, 592, 593]
(22, 22);[518, 546, 568, 570, 571, 593, 617]
(22, 23);[519, 546, 568, 569, 571]
(22, 24);[520, 547, 569, 570]
(22, 30);[550, 551, 573, 596, 597]
(22, 32);[551, 552, 572, 574, 620]
(22, 33);[525, 552, 573, 598]
(22, 37);[553, 554, 576, 599]
(22, 39);[529, 575, 577, 600, 601, 623]
(22, 40);[530, 555, 576, 578, 600, 601, 624]
(22, 42);[532, 555, 556, 577, 579, 580, 602, 625]
(22, 43);[533, 556, 557, 578, 580, 602]
(22, 44);[534, 556, 557, 578, 579, 581, 602, 603]
(22, 46);[558, 580, 603, 604, 626]
(23, 2);[583, 584, 607, 630]
(23, 3);[560, 582, 584, 607, 631]
(23, 4);[560, 582, 583, 607, 608, 632]
(23, 7);[539, 561, 562, 563, 586, 609, 610, 634]
(23, 8);[540, 562, 563, 585, 609, 610, 635]
(23, 11);[564, 588, 589, 611, 612, 637]
(23, 12);[542, 565, 587, 589, 612]
(23, 13);[565, 587, 588, 590, 613]
(23, 15);[566, 589, 613, 614, 638]
(23, 18);[543, 567, 592, 615, 616]
(23, 20);[545, 568, 591, 593, 616]
(23, 21);[568, 569, 592, 617]
(23, 27);[548, 595, 596, 643]
(23, 28);[549, 594, 596, 597, 618, 644]
(23, 29);[572, 594, 595, 597, 618, 645]
(23, 30);[550, 572, 595, 596, 618, 619]
(23, 34);[574, 599, 621]
(23, 36);[553, 575, 598, 622, 648]
(23, 39);[576, 577, 601, 623, 624, 651]
(23, 40);[576, 577, 600, 623, 624]
(23, 43);[556, 578, 579, 580, 603, 625]
(23, 45);[580, 581, 602, 604, 626]
(23, 46);[558, 581, 603, 605, 626, 655]
(23, 48);[604, 606, 627, 628]
(23, 49);[559, 605, 627, 628]
(24, 3);[582, 583, 584, 608, 630, 631, 632, 658]
(24, 5);[584, 607, 609, 632, 633, 659]
(24, 7);[562, 585, 586, 608, 610, 633, 634, 635]
(24, 8);[563, 585, 586, 609, 611, 634, 635, 661]
(24, 10);[564, 587, 610, 612, 636, 637]
(24, 11);[587, 588, 611, 636, 637, 663]
(24, 14);[589, 590, 614, 638]
(24, 16);[566, 590, 613, 615, 638, 639]
(24, 18);[591, 614, 616, 640]
(24, 19);[591, 592, 615, 640]
(24, 22);[569, 593, 641, 642]
(24, 29);[595, 596, 597, 619, 644, 645, 671]
(24, 31);[597, 618, 620, 646, 672]
(24, 32);[573, 619, 621, 646, 647]
(24, 34);[598, 620, 622, 647, 673]
(24, 36);[599, 621, 648, 649]
(24, 39);[576, 600, 601, 624, 650, 651]
(24, 40);[577, 600, 601, 623, 625, 651, 652, 676]
(24, 42);[578, 602, 624, 652, 653, 677]
(24, 46);[581, 603, 604, 627, 655, 656, 679]
(24, 48);[605, 606, 626, 628, 656, 680]
(24, 49);[605, 606, 627]
(25, 1);[630, 631, 657]
(25, 2);[582, 607, 629, 631, 632, 657, 658, 681]
(25, 3);[583, 607, 629, 630, 632, 657, 658]
(25, 4);[584, 607, 608, 630, 631, 633, 658, 659]
(25, 6);[608, 609, 632, 634, 635, 659, 660, 682]
(25, 7);[585, 609, 610, 633, 635, 660, 661]
(25, 8);[586, 609, 610, 633, 634, 636, 661, 662, 683]
(25, 10);[611, 612, 635, 637, 662, 663, 685]
(25, 11);[587, 611, 612, 636, 663, 664, 686]
(25, 15);[590, 613, 614, 639]
(25, 16);[614, 638, 666, 688]
(25, 19);[615, 616]
(25, 22);[617, 642, 667]
(25, 23);[617, 641, 667, 690]
(25, 27);[594, 644, 645, 668, 669, 670]
(25, 28);[595, 618, 643, 645, 669, 670, 671]
(25, 29);[596, 618, 643, 644, 670, 671, 694]
(25, 32);[619, 620, 647, 672]
(25, 33);[620, 621, 646, 673]
(25, 36);[599, 622, 649, 650, 674, 675]
(25, 37);[622, 648, 650, 651, 675, 697]
(25, 38);[623, 648, 649, 651, 675]
(25, 39);[600, 623, 624, 649, 650, 652, 676]
(25, 41);[624, 625, 651, 653, 676, 677]
(25, 42);[625, 652, 654, 677, 678, 698]
(25, 44);[653, 655, 678, 700]
(25, 46);[604, 626, 654, 656, 679]
(25, 47);[626, 627, 655, 679, 680]
(26, 2);[629, 630, 631, 658, 681]
(26, 3);[607, 630, 631, 632, 657, 659, 681]
(26, 5);[608, 632, 633, 658, 660, 682, 705]
(26, 6);[633, 634, 659, 661, 682]
(26, 8);[610, 634, 635, 660, 662, 683, 684]
(26, 9);[635, 636, 661, 663, 683, 684, 685]
(26, 11);[612, 636, 637, 662, 664, 665, 685, 686, 687]
(26, 12);[637, 663, 665, 686, 687, 707]
(26, 13);[663, 664, 687]
(26, 17);[639, 688, 689, 710]
(26, 23);[641, 642, 690, 691, 715]
(26, 26);[643, 669, 670, 692, 693]
(26, 27);[643, 644, 668, 670, 671, 693, 716]
(26, 28);[643, 644, 645, 668, 669, 671, 694]
(26, 29);[618, 644, 645, 669, 670, 672, 694, 717]
(26, 31);[619, 646, 671, 695, 719]
(26, 34);[621, 647, 674, 696, 722]
(26, 35);[648, 673, 675, 696]
(26, 37);[648, 649, 650, 674, 697, 723]
(26, 40);[624, 651, 652, 677]
(26, 42);[625, 652, 653, 676, 678, 698, 699, 726]
(26, 43);[653, 654, 677, 698, 699, 700, 727]
(26, 46);[626, 655, 656, 680, 701]
(26, 48);[627, 656, 679, 702, 703, 730]
(27, 2);[630, 657, 658, 733]
(27, 6);[633, 659, 660, 683, 705, 706, 736]
(27, 8);[635, 661, 662, 682, 684, 685, 706, 737]
(27, 9);[661, 662, 683, 685, 686]
(27, 10);[636, 662, 663, 683, 684, 686, 687]
(27, 11);[637, 663, 664, 684, 685, 687, 707, 738]
(27, 12);[663, 664, 665, 685, 686, 707, 739]
(27, 16);[639, 666, 689, 709, 710, 741]
(27, 17);[666, 688, 709, 710, 711, 742]
(27, 23);[642, 667, 691, 692, 714, 715, 745]
(27, 24);[667, 690, 692, 693, 715, 746]
(27, 25);[668, 690, 691, 693]
(27, 26);[668, 669, 691, 692, 716]
(27, 29);[645, 670, 671, 695, 717, 718]
(27, 31);[672, 694, 718, 719, 720, 749]
(27, 34);[673, 674, 721, 722]
(27, 37);[649, 675, 723, 724]
(27, 42);[653, 677, 678, 699, 700, 725, 726, 727, 757]
(27, 43);[677, 678, 698, 700, 701, 726, 727]
(27, 44);[654, 678, 698, 699, 701, 727, 728, 758]
(27, 45);[679, 699, 700, 728, 759]
(27, 48);[680, 703, 729, 730, 731, 762]
(27, 49);[680, 702, 730, 731, 763]
(28, 0);[732]
(28, 5);[659, 682, 706, 735, 736]
(28, 7);[682, 683, 705, 736, 737]
(28, 12);[664, 686, 687, 708, 738, 739, 740, 769]
(28, 14);[707, 709, 740]
(28, 16);[688, 689, 708, 710, 711, 741, 742]
(28, 17);[666, 688, 689, 709, 711, 712, 741, 742, 743]
(28, 18);[689, 709, 710, 712, 713, 742, 743, 744, 771]
(28, 19);[710, 711, 713, 743, 744]
(28, 20);[711, 712, 714, 744]
(28, 22);[690, 713, 715, 745]
(28, 23);[667, 690, 691, 714, 745, 746]
(28, 27);[669, 693, 717, 747, 748, 775]
(28, 29);[671, 694, 716, 718, 719, 748, 776]
(28, 30);[694, 695, 717, 719, 720, 749, 777]
(28, 31);[672, 695, 717, 718, 720, 721, 749, 750]
(28, 32);[695, 718, 719, 721, 722, 749, 750, 751, 778]
(28, 33);[696, 719, 720, 722, 750, 751]
(28, 34);[673, 696, 720, 721, 751, 752]
(28, 37);[675, 697, 724, 753]
(28, 38);[697, 723, 754, 779]
(28, 41);[698, 726, 727, 755, 756, 757, 782]
(28, 42);[677, 698, 699, 725, 727, 756, 757, 783]
(28, 43);[678, 698, 699, 700, 725, 726, 728, 757, 758, 784]
(28, 45);[700, 701, 727, 729, 758, 759, 760]
(28, 47);[702, 728, 730, 731, 760, 761, 762]
(28, 48);[680, 702, 703, 729, 731, 761, 762, 763, 787]
(28, 49);[702, 703, 729, 730, 762, 763]
(29, 1);[704, 733, 734, 764]
(29, 2);[681, 732, 734, 735, 764, 765, 789]
(29, 3);[732, 733, 735, 764, 765, 766]
(29, 4);[705, 733, 734, 736, 765, 766]
(29, 6);[682, 705, 706, 735, 737]
(29, 8);[683, 706, 736, 767, 792]
(29, 11);[686, 707, 739, 740, 768, 769]
(29, 12);[687, 707, 738, 740, 769, 770, 793]
(29, 13);[707, 708, 738, 739, 769, 770, 794]
(29, 16);[688, 709, 710, 742, 743, 795]
(29, 17);[689, 709, 710, 711, 741, 743, 744, 771, 796]
(29, 18);[710, 711, 712, 741, 742, 744, 771]
(29, 19);[711, 712, 713, 742, 743, 771]
(29, 23);[690, 714, 715, 746, 798]
(29, 24);[691, 715, 745, 773]
(29, 27);[716, 748, 774, 775, 799]
(29, 28);[716, 717, 747, 775, 776]
(29, 31);[695, 718, 719, 720, 750, 751, 777, 778, 800]
(29, 32);[719, 720, 721, 749, 751, 778, 801]
(29, 33);[720, 721, 722, 749, 750, 752, 778]
(29, 35);[722, 751, 753]
(29, 36);[723, 752, 803]
(29, 39);[724, 755, 756, 779, 780, 781, 806]
(29, 40);[725, 754, 756, 757, 780, 781, 782]
(29, 41);[725, 726, 754, 755, 757, 781, 782, 783, 807]
(29, 42);[698, 725, 726, 727, 755, 756, 758, 782, 783, 784]
(29, 44);[700, 727, 728, 757, 759, 760, 784, 785]
(29, 45);[701, 728, 758, 760, 761, 785, 786, 809]
(29, 46);[728, 729, 758, 759, 761, 762, 786, 810]
(29, 47);[729, 730, 759, 760, 762, 763, 786, 787, 811]
(29, 48);[702, 729, 730, 731, 760, 761, 763, 787]
(29, 49);[703, 730, 731, 761, 762, 787, 812]
(30, 2);[732, 733, 734, 765, 766, 789, 814]
(30, 3);[733, 734, 735, 764, 766, 789]
(30, 4);[734, 735, 764, 765, 790]
(30, 8);[737, 768, 791, 792, 816]
(30, 10);[738, 767, 769]
(30, 12);[707, 738, 739, 740, 768, 770, 793, 794]
(30, 13);[739, 740, 769, 793, 794]
(30, 18);[711, 742, 743, 744, 796]
(30, 21);[797]
(30, 25);[746, 774, 775]
(30, 26);[747, 773, 775, 799]
(30, 27);[716, 747, 748, 773, 774, 776, 799]
(30, 29);[717, 748, 775, 777]
(30, 30);[718, 749, 776, 778, 800, 821]
(30, 32);[720, 749, 750, 751, 777, 800, 801]
(30, 38);[724, 754, 780, 781, 804, 805, 806]
(30, 39);[754, 755, 779, 781, 782, 805, 806, 825]
(30, 40);[754, 755, 756, 779, 780, 782, 783, 806, 807]
(30, 41);[725, 755, 756, 757, 780, 781, 783, 784, 807]
(30, 42);[726, 756, 757, 781, 782, 784, 785, 807, 808, 826]
(30, 43);[727, 757, 758, 782, 783, 785, 808]
(30, 44);[758, 759, 783, 784, 786, 808, 809]
(30, 46);[759, 760, 761, 785, 787, 809, 810, 811]
(30, 48);[730, 761, 762, 763, 786, 811, 812]
(31, 0);[789, 813, 828]
(31, 2);[733, 764, 765, 788, 813, 814]
(31, 5);[766, 791, 815, 831]
(31, 7);[767, 790, 792, 815, 816]
(31, 8);[737, 767, 791, 816, 817]
(31, 12);[739, 769, 770, 794, 833]
(31, 13);[740, 769, 770, 793, 818]
(31, 16);[741, 796, 819, 835]
(31, 17);[742, 771, 795, 819, 836]
(31, 20);[772, 838]
(31, 23);[745, 820, 840]
(31, 27);[747, 774, 775]
(31, 31);[749, 777, 778, 801, 821, 822]
(31, 32);[750, 778, 800, 802, 822, 843]
(31, 34);[801, 803, 823, 824, 845]
(31, 36);[753, 802, 804, 805, 824, 846]
(31, 37);[779, 803, 805, 806, 847]
(31, 38);[779, 780, 803, 804, 806, 825]
(31, 39);[754, 779, 780, 781, 804, 805, 807, 825]
(31, 41);[756, 781, 782, 783, 806, 808, 826]
(31, 43);[783, 784, 785, 807, 809, 826]
(31, 45);[759, 785, 786, 808, 810, 811, 827]
(31, 46);[760, 786, 809, 811, 827, 849]
(31, 47);[761, 786, 787, 809, 810, 812, 850]
(31, 49);[763, 787, 811]
(32, 1);[788, 789, 814, 828, 829]
(32, 2);[764, 789, 813, 829, 830]
(32, 6);[790, 791, 816, 831, 854]
(32, 8);[767, 791, 792, 815, 817, 832, 856]
(32, 9);[792, 816, 832, 857]
(32, 14);[794, 819, 834]
(32, 16);[795, 796, 818, 834, 835, 836, 859]
(32, 22);[798, 839, 840]
(32, 30);[777, 800, 822, 842, 866]
(32, 31);[800, 801, 821, 842, 843, 867]
(32, 34);[802, 824, 844, 845]
(32, 35);[802, 803, 823, 845, 846, 869]
(32, 39);[780, 805, 806, 848, 872]
(32, 42);[783, 807, 808, 874]
(32, 45);[809, 810, 849]
(33, 0);[788, 813, 829, 851, 877]
(33, 1);[813, 814, 828, 830, 851]
(33, 3);[814, 829, 831, 852]
(33, 5);[790, 815, 830, 852, 853, 854]
(33, 9);[816, 817, 856, 857]
(33, 12);[793, 858]
(33, 15);[818, 819, 835, 836, 859, 881]
(33, 16);[795, 819, 834, 836, 859, 860]
(33, 17);[796, 819, 834, 835, 837, 859, 860, 861]
(33, 19);[836, 838, 839, 861, 862]
(33, 20);[797, 837, 839, 862, 863, 882]
(33, 21);[820, 837, 838, 840, 863, 883]
(33, 23);[798, 820, 839, 841]
(33, 25);[840, 885]
(33, 30);[821, 822, 843, 865, 866, 867]
(33, 32);[801, 822, 842, 844, 845, 867, 868, 887]
(33, 33);[823, 843, 845, 868, 888]
(33, 34);[802, 823, 824, 843, 844, 846, 869]
(33, 36);[803, 824, 845, 847, 869, 870]
(33, 37);[804, 846, 870, 871, 889]
(33, 40);[825, 872, 873, 891]
(33, 46);[810, 827, 850, 897]
(33, 47);[811, 849, 876]
(34, 0);[828, 829, 877, 899]
(34, 4);[830, 831, 853, 854, 902]
(34, 5);[831, 852, 854, 855, 903]
(34, 6);[815, 831, 852, 853, 855, 856, 904]
(34, 7);[853, 854, 856, 857, 878, 905]
(34, 8);[816, 832, 854, 855, 857, 878, 906]
(34, 9);[817, 832, 855, 856, 878, 907]
(34, 12);[833, 879, 909]
(34, 16);[819, 834, 835, 836, 860, 861, 881]
(34, 17);[835, 836, 859, 861, 862, 911]
(34, 18);[836, 837, 859, 860, 862]
(34, 19);[837, 838, 860, 861, 863, 882]
(34, 21);[838, 839, 862, 882, 883, 884]
(34, 28);[865, 866, 915]
(34, 29);[842, 864, 866, 867]
(34, 30);[821, 842, 864, 865, 867, 868, 886, 916]
(34, 31);[822, 842, 843, 865, 866, 868, 886, 887]
(34, 32);[843, 844, 866, 867, 886, 887, 888]
(34, 35);[824, 845, 846, 870]
(34, 37);[846, 847, 869, 871, 872, 889]
(34, 38);[847, 870, 872, 889, 890]
(34, 39);[825, 848, 870, 871, 873, 890, 891, 917]
(34, 41);[848, 872, 874, 891, 892, 893, 919]
(34, 42);[826, 873, 875, 892, 893, 894, 920]
(34, 44);[874, 894, 895, 896]
(34, 48);[850, 898, 924]
(35, 0);[828, 851, 899, 926]
(35, 8);[855, 856, 857, 905, 906, 907, 931]
(35, 13);[858, 880, 881, 909, 910]
(35, 14);[879, 881, 910, 933]
(35, 15);[834, 859, 879, 880, 910]
(35, 20);[838, 862, 863, 883, 884, 912, 935]
(35, 21);[839, 863, 882, 884, 912]
(35, 22);[863, 882, 883, 913]
(35, 25);[841, 914]
(35, 31);[866, 867, 868, 887, 888, 916, 941]
(35, 32);[843, 867, 868, 886, 888]
(35, 33);[844, 868, 886, 887, 942]
(35, 37);[847, 870, 871, 890]
(35, 39);[871, 872, 889, 891, 892, 917, 918]
(35, 40);[848, 872, 873, 890, 892, 893, 917, 918, 919, 946]
(35, 41);[873, 874, 890, 891, 893, 894, 918, 919, 920]
(35, 42);[873, 874, 891, 892, 894, 895, 919, 920, 921]
(35, 43);[874, 875, 892, 893, 895, 896, 920, 921]
(35, 44);[875, 893, 894, 896, 897, 921]
(35, 45);[875, 894, 895, 897, 922, 947]
(35, 46);[849, 895, 896, 922, 923]
(35, 49);[876, 924, 925, 950]
(36, 0);[851, 877, 900, 926, 951]
(36, 2);[899, 901, 902, 927]
(36, 3);[900, 902, 903, 927, 928]
(36, 4);[852, 900, 901, 903, 904, 927, 928, 929, 952]
(36, 5);[853, 901, 902, 904, 905, 928, 929, 930]
(36, 6);[854, 902, 903, 905, 906, 929, 930, 953]
(36, 7);[855, 878, 903, 904, 906, 907, 930, 931]
(36, 8);[856, 878, 904, 905, 907, 931]
(36, 9);[857, 878, 905, 906, 908, 931, 954]
(36, 11);[907, 909, 932]
(36, 12);[858, 879, 908, 910, 932, 956]
(36, 14);[879, 880, 881, 909, 933]
(36, 17);[860, 934]
(36, 20);[882, 883, 935, 960]
(36, 23);[884, 914, 936]
(36, 25);[885, 913, 937, 963]
(36, 28);[864, 916, 938, 939, 965]
(36, 30);[866, 886, 915, 940, 941, 967]
(36, 39);[872, 890, 891, 918, 919, 945, 946, 974]
(36, 40);[890, 891, 892, 917, 919, 920, 946, 975]
(36, 41);[873, 891, 892, 893, 917, 918, 920, 921, 946, 976]
(36, 42);[874, 892, 893, 894, 918, 919, 921, 977]
(36, 43);[893, 894, 895, 919, 920]
(36, 46);[896, 897, 923, 924, 947, 948, 979]
(36, 47);[897, 922, 924, 925, 948, 949]
(36, 48);[876, 898, 922, 923, 925, 948, 949, 950, 980]
(36, 49);[898, 923, 924, 949, 950, 981]
(37, 0);[877, 899, 951]
(37, 3);[900, 901, 902, 928, 929, 952]
(37, 4);[901, 902, 903, 927, 929, 930, 952, 982]
(37, 5);[902, 903, 904, 927, 928, 930, 952, 953, 983]
(37, 6);[903, 904, 905, 928, 929, 931, 953, 984]
(37, 8);[878, 905, 906, 907, 930, 954]
(37, 12);[908, 909, 933, 956, 957]
(37, 14);[880, 910, 932, 934, 957, 958, 987]
(37, 16);[911, 933, 958, 959, 989]
(37, 20);[882, 912, 960, 961]
(37, 23);[913, 962, 992]
(37, 26);[914, 938, 939, 963, 964]
(37, 27);[915, 937, 939, 964, 965, 993]
(37, 28);[915, 937, 938, 940, 965, 966]
(37, 30);[916, 939, 941, 966, 967, 968, 995]
(37, 31);[886, 916, 940, 942, 967, 968, 969]
(37, 33);[888, 941, 943, 969, 970]
(37, 34);[942, 944, 970, 996]
(37, 36);[943, 945, 971, 972]
(37, 38);[917, 944, 946, 972, 973, 974]
(37, 40);[891, 917, 918, 919, 945, 974, 975, 976]
(37, 45);[896, 922, 948, 978, 979, 1002]
(37, 47);[922, 923, 924, 947, 949, 950, 979, 980]
(37, 48);[923, 924, 925, 948, 950, 980, 981]
(37, 49);[898, 924, 925, 948, 949, 980, 981, 1004]
(38, 0);[899, 926, 1005]
(38, 4);[902, 927, 928, 929, 953, 982, 983]
(38, 6);[904, 929, 930, 952, 983, 984, 1007]
(38, 9);[907, 931, 955, 985]
(38, 10);[954, 956, 985]
(38, 12);[909, 932, 955, 957, 986]
(38, 13);[932, 933, 956, 958, 986, 987]
(38, 15);[933, 934, 957, 959, 987, 988, 989]
(38, 16);[934, 958, 988, 989, 990, 1012]
(38, 20);[912, 935, 961, 962]
(38, 21);[935, 960, 962, 991]
(38, 22);[936, 960, 961, 991, 992]
(38, 25);[914, 937, 964]
(38, 26);[937, 938, 963, 965, 993]
(38, 28);[915, 938, 939, 964, 966, 967, 993, 994]
(38, 29);[939, 940, 965, 967, 968, 994, 995, 1016]
(38, 30);[916, 940, 941, 965, 966, 968, 969, 994, 995, 1017]
(38, 31);[940, 941, 966, 967, 969, 995, 1018]
(38, 32);[941, 942, 967, 968, 970, 1019]
(38, 34);[942, 943, 969, 971, 996, 997, 1020]
(38, 36);[944, 970, 972, 973, 997]
(38, 37);[944, 945, 971, 973, 974, 1021]
(38, 38);[945, 971, 972, 974, 975, 998]
(38, 39);[917, 945, 946, 972, 973, 975, 976, 998]
(38, 40);[918, 946, 973, 974, 976, 977, 998, 999]
(38, 41);[919, 946, 974, 975, 977, 999, 1000]
(38, 42);[920, 975, 976, 978, 999, 1000]
(38, 44);[947, 977, 979, 1001, 1002]
(38, 46);[922, 947, 948, 978, 980, 1002, 1003, 1023]
(38, 48);[924, 948, 949, 950, 979, 981, 1004, 1024]
(38, 49);[925, 949, 950, 980, 1004]
(39, 4);[928, 952, 983, 984, 1006, 1027]
(39, 5);[929, 952, 953, 982, 984, 1007, 1028]
(39, 6);[930, 953, 982, 983, 1007, 1008]
(39, 9);[954, 955, 1009]
(39, 13);[956, 957, 987, 988, 1011, 1034]
(39, 14);[933, 957, 958, 986, 988, 989, 1011]
(39, 15);[958, 959, 986, 987, 989, 990, 1011, 1012]
(39, 16);[934, 958, 959, 987, 988, 990, 1012]
(39, 17);[959, 988, 989, 1012, 1035]
(39, 22);[961, 962, 992, 1014]
(39, 23);[936, 962, 991, 1014]
(39, 27);[938, 964, 965, 994, 1015]
(39, 29);[965, 966, 967, 993, 995, 1016, 1017]
(39, 30);[940, 966, 967, 968, 994, 1016, 1017, 1018]
(39, 34);[943, 970, 997, 1020, 1040]
(39, 35);[970, 971, 996, 1020, 1041]
(39, 39);[973, 974, 975, 999]
(39, 41);[975, 976, 977, 998, 1000, 1045]
(39, 42);[976, 977, 999, 1001, 1046]
(39, 44);[978, 1000, 1002, 1003, 1022]
(39, 45);[947, 978, 979, 1001, 1003, 1022, 1023, 1048]
(39, 46);[979, 1001, 1002, 1022, 1023, 1049]
(39, 49);[950, 980, 981, 1024]
(40, 0);[951, 1025]
(40, 3);[982, 1026, 1027, 1053]
(40, 6);[953, 983, 984, 1008, 1009, 1028, 1029]
(40, 7);[984, 1007, 1009, 1029, 1030]
(40, 8);[985, 1007, 1008, 1029, 1030]
(40, 11);[1031, 1032, 1033]
(40, 14);[986, 987, 988, 1012, 1034, 1059]
(40, 16);[959, 988, 989, 990, 1011, 1035]
(40, 19);[1036, 1062]
(40, 23);[991, 992]
(40, 27);[993, 1016]
(40, 29);[966, 994, 995, 1015, 1017, 1018]
(40, 30);[967, 994, 995, 1016, 1018, 1019, 1038, 1067]
(40, 31);[968, 995, 1016, 1017, 1019, 1038, 1039, 1068]
(40, 32);[969, 1017, 1018, 1020, 1038, 1039]
(40, 34);[970, 996, 997, 1019, 1040, 1041, 1070]
(40, 37);[972, 1042, 1043, 1044]
(40, 45);[1001, 1002, 1003, 1023, 1048, 1049]
(40, 46);[979, 1002, 1003, 1022, 1024, 1048, 1049, 1050, 1078]
(40, 48);[980, 1004, 1023, 1050, 1051]
(41, 0);[1005, 1079]
(41, 3);[1006, 1027, 1028, 1052, 1053, 1054, 1081]
(41, 4);[982, 1006, 1026, 1028, 1053, 1054, 1082]
(41, 5);[983, 1007, 1026, 1027, 1029, 1054, 1083]
(41, 7);[1007, 1008, 1009, 1028, 1030, 1085]
(41, 8);[1008, 1009, 1029, 1031, 1055]
(41, 10);[1010, 1030, 1032, 1033, 1055, 1056]
(41, 11);[1010, 1031, 1033, 1034, 1056, 1057]
(41, 12);[1010, 1031, 1032, 1034, 1057, 1058]
(41, 13);[986, 1011, 1032, 1033, 1057, 1058, 1059, 1087]
(41, 17);[990, 1012, 1036, 1061]
(41, 18);[1013, 1035, 1061, 1062]
(41, 25);[1064, 1065, 1066, 1092]
(41, 31);[1017, 1018, 1019, 1039, 1067, 1068, 1095]
(41, 32);[1018, 1019, 1038, 1040, 1068, 1069, 1096]
(41, 34);[996, 1020, 1039, 1041, 1042, 1069, 1070, 1071, 1097]
(41, 35);[997, 1020, 1040, 1042, 1043, 1070, 1071, 1098]
(41, 36);[1021, 1040, 1041, 1043, 1044, 1071]
(41, 37);[1021, 1041, 1042, 1044, 1072, 1099]
(41, 38);[1021, 1042, 1043, 1072, 1073, 1100]
(41, 41);[999, 1046, 1047, 1074, 1075, 1076]
(41, 42);[1000, 1045, 1047, 1075, 1076]
(41, 43);[1045, 1046, 1048, 1076, 1077]
(41, 45);[1002, 1022, 1023, 1047, 1049, 1050, 1077, 1078, 1103]
(41, 46);[1003, 1022, 1023, 1048, 1050, 1051, 1078]
(41, 47);[1023, 1024, 1048, 1049, 1051, 1078, 1104]
(41, 48);[1024, 1049, 1050]
(42, 2);[1026, 1053, 1054, 1080, 1081]
(42, 3);[1006, 1026, 1027, 1052, 1054, 1081, 1082]
(42, 4);[1026, 1027, 1028, 1052, 1053, 1081, 1082, 1083, 1108]
(42, 9);[1030, 1031, 1056, 1086, 1111]
(42, 10);[1031, 1032, 1055, 1057, 1086]
(42, 12);[1032, 1033, 1034, 1056, 1058, 1059, 1087]
(42, 13);[1033, 1034, 1057, 1059, 1060, 1087, 1112]
(42, 14);[1011, 1034, 1057, 1058, 1060, 1087, 1113]
(42, 15);[1058, 1059, 1061, 1088, 1114]
(42, 17);[1035, 1036, 1060, 1062, 1088]
(42, 19);[1013, 1036, 1061, 1089, 1116]
(42, 22);[1064, 1090]
(42, 24);[1037, 1063, 1065, 1066, 1091, 1092]
(42, 25);[1037, 1064, 1066, 1091, 1092, 1118]
(42, 26);[1037, 1064, 1065, 1092]
(42, 30);[1017, 1038, 1068, 1094, 1095, 1121]
(42, 31);[1018, 1038, 1039, 1067, 1069, 1095, 1096]
(42, 33);[1039, 1040, 1068, 1070, 1071, 1096, 1097]
(42, 34);[1020, 1040, 1041, 1069, 1071, 1097, 1098, 1122]
(42, 35);[1040, 1041, 1042, 1069, 1070, 1097, 1098]
(42, 38);[1043, 1044, 1073, 1074, 1099, 1100, 1124]
(42, 39);[1044, 1072, 1074, 1075, 1100, 1101]
(42, 40);[1045, 1072, 1073, 1075, 1076, 1101]
(42, 41);[1045, 1046, 1073, 1074, 1076, 1101, 1125]
(42, 42);[1045, 1046, 1047, 1074, 1075, 1077]
(42, 44);[1047, 1048, 1076, 1078, 1102, 1103]
(42, 46);[1023, 1048, 1049, 1050, 1077, 1103, 1104, 1127]
(43, 0);[1025, 1080, 1106, 1107, 1130]
(43, 1);[1052, 1079, 1081, 1106, 1107]
(43, 3);[1026, 1052, 1053, 1054, 1080, 1082, 1083, 1108, 1131]
(43, 4);[1027, 1053, 1054, 1081, 1083, 1084, 1108, 1109, 1132]
(43, 5);[1028, 1054, 1081, 1082, 1084, 1085, 1108, 1109, 1133]
(43, 6);[1082, 1083, 1085, 1109, 1110, 1134]
(43, 7);[1029, 1083, 1084, 1086, 1110]
(43, 9);[1055, 1056, 1085, 1111, 1136]
(43, 13);[1034, 1057, 1058, 1059, 1112, 1113, 1139]
(43, 16);[1060, 1061, 1114, 1142]
(43, 20);[1062, 1090, 1116, 1144]
(43, 21);[1063, 1089]
(43, 24);[1064, 1065, 1092, 1117, 1118]
(43, 25);[1037, 1064, 1065, 1066, 1091, 1118]
(43, 28);[1094, 1119, 1120]
(43, 29);[1067, 1093, 1095, 1119, 1120, 1121]
(43, 31);[1038, 1067, 1068, 1094, 1096, 1121, 1146]
(43, 32);[1039, 1068, 1069, 1095, 1097, 1147]
(43, 34);[1040, 1069, 1070, 1071, 1096, 1098, 1122]
(43, 35);[1041, 1070, 1071, 1097, 1099, 1122]
(43, 37);[1043, 1072, 1098, 1100, 1123, 1124, 1149]
(43, 38);[1044, 1072, 1073, 1099, 1101, 1123, 1124]
(43, 40);[1073, 1074, 1075, 1100, 1125]
(43, 44);[1077, 1103, 1126, 1153]
(43, 45);[1048, 1077, 1078, 1102, 1104, 1126, 1127]
(43, 47);[1050, 1078, 1103, 1105, 1127, 1128, 1129, 1155]
(43, 49);[1104, 1129, 1156]
(44, 0);[1079, 1080, 1107, 1130, 1157]
(44, 1);[1079, 1080, 1106, 1130]
(44, 4);[1054, 1081, 1082, 1083, 1109, 1131, 1132, 1133, 1158]
(44, 5);[1082, 1083, 1084, 1108, 1110, 1132, 1133, 1134, 1159]
(44, 7);[1084, 1085, 1109, 1111, 1134, 1135, 1161]
(44, 9);[1055, 1086, 1110, 1135, 1136]
(44, 13);[1058, 1087, 1113, 1114, 1138, 1139, 1140, 1162]
(44, 14);[1059, 1087, 1112, 1114, 1139, 1140, 1141, 1163]
(44, 15);[1060, 1088, 1112, 1113, 1140, 1141, 1142]
(44, 18);[1116, 1143]
(44, 19);[1062, 1089, 1115, 1143, 1144]
(44, 23);[1091, 1118]
(44, 25);[1065, 1091, 1092, 1117, 1145]
(44, 28);[1093, 1094, 1120, 1121]
(44, 29);[1093, 1094, 1119, 1121]
(44, 30);[1067, 1094, 1095, 1119, 1120, 1146]
(44, 34);[1070, 1097, 1098, 1148]
(44, 37);[1099, 1100, 1124, 1149, 1169]
(44, 38);[1072, 1099, 1100, 1123, 1149, 1150, 1170]
(44, 41);[1075, 1101, 1151, 1172]
(44, 45);[1102, 1103, 1127, 1128, 1153, 1154, 1174]
(44, 46);[1078, 1103, 1104, 1126, 1128, 1129, 1154, 1155, 1175]
(44, 47);[1104, 1126, 1127, 1129, 1154, 1155]
(44, 48);[1104, 1105, 1127, 1128, 1155, 1156, 1176]
(45, 0);[1079, 1106, 1107, 1157, 1178]
(45, 3);[1081, 1108, 1132, 1133, 1158]
(45, 4);[1082, 1108, 1109, 1131, 1133, 1134, 1158, 1159, 1180]
(45, 5);[1083, 1108, 1109, 1131, 1132, 1134, 1158, 1159, 1160, 1181]
(45, 6);[1084, 1109, 1110, 1132, 1133, 1135, 1159, 1160, 1161]
(45, 8);[1110, 1111, 1134, 1136, 1161, 1183]
(45, 9);[1086, 1111, 1135, 1137, 1184]
(45, 11);[1136, 1138, 1139]
(45, 12);[1112, 1137, 1139, 1140, 1162, 1185]
(45, 13);[1087, 1112, 1113, 1137, 1138, 1140, 1141, 1162, 1163]
(45, 14);[1112, 1113, 1114, 1138, 1139, 1141, 1142, 1162, 1163, 1186]
(45, 15);[1113, 1114, 1139, 1140, 1142, 1163, 1164]
(45, 16);[1088, 1114, 1140, 1141, 1143, 1164, 1165, 1187]
(45, 18);[1115, 1116, 1142, 1144, 1165]
(45, 20);[1089, 1116, 1143, 1166, 1190]
(45, 26);[1118]
(45, 31);[1095, 1121, 1147, 1148]
(45, 32);[1096, 1146, 1148, 1168]
(45, 33);[1122, 1146, 1147, 1168, 1195]
(45, 37);[1099, 1123, 1124, 1150, 1169, 1170, 1197]
(45, 39);[1124, 1149, 1170, 1171, 1199]
(45, 42);[1125, 1152, 1153, 1172]
(45, 43);[1151, 1153, 1173, 1201]
(45, 44);[1102, 1126, 1151, 1152, 1154, 1173, 1174, 1202]
(45, 46);[1126, 1127, 1128, 1153, 1155, 1174, 1175]
(45, 47);[1104, 1127, 1128, 1129, 1154, 1156, 1175, 1176, 1203]
(45, 49);[1105, 1129, 1155, 1176, 1177, 1204]
(46, 0);[1106, 1130, 1178, 1205]
(46, 4);[1108, 1131, 1132, 1133, 1159, 1160, 1180, 1181, 1207]
(46, 5);[1109, 1132, 1133, 1134, 1158, 1160, 1161, 1180, 1181, 1208]
(46, 6);[1133, 1134, 1158, 1159, 1161, 1181, 1182]
(46, 7);[1110, 1134, 1135, 1159, 1160, 1182, 1183, 1209]
(46, 13);[1112, 1138, 1139, 1140, 1163, 1185, 1186]
(46, 14);[1113, 1139, 1140, 1141, 1162, 1164, 1186, 1212]
(46, 16);[1141, 1142, 1163, 1165, 1187, 1188]
(46, 17);[1142, 1143, 1164, 1187, 1188, 1214]
(46, 21);[1144, 1167, 1190, 1191]
(46, 22);[1166, 1191, 1216]
(46, 33);[1147, 1148, 1195, 1219]
(46, 37);[1123, 1149, 1170, 1196, 1197, 1198, 1221]
(46, 38);[1124, 1149, 1150, 1169, 1171, 1197, 1198, 1199]
(46, 40);[1150, 1170, 1172, 1199, 1200]
(46, 41);[1125, 1151, 1171, 1200, 1222]
(46, 44);[1152, 1153, 1174, 1175, 1201, 1202]
(46, 45);[1126, 1153, 1154, 1173, 1175, 1202]
(46, 46);[1127, 1154, 1155, 1173, 1174, 1176, 1203, 1223]
(46, 48);[1129, 1155, 1156, 1175, 1177, 1203, 1204, 1225]
(46, 49);[1156, 1176, 1204, 1226]
(47, 0);[1130, 1157, 1179, 1205, 1227]
(47, 2);[1178, 1180, 1206, 1229]
(47, 4);[1132, 1158, 1159, 1179, 1181, 1206, 1207, 1208]
(47, 5);[1133, 1158, 1159, 1160, 1180, 1182, 1207, 1208, 1230]
(47, 7);[1160, 1161, 1181, 1183, 1184, 1209]
(47, 8);[1135, 1161, 1182, 1184, 1209, 1210, 1231]
(47, 9);[1136, 1182, 1183, 1210, 1211, 1232]
(47, 12);[1138, 1162, 1186]
(47, 14);[1140, 1162, 1163, 1185, 1187, 1212, 1213]
(47, 16);[1142, 1164, 1165, 1186, 1188, 1213, 1214, 1234]
(47, 17);[1164, 1165, 1187, 1189, 1214, 1215]
(47, 19);[1188, 1190, 1191, 1215, 1235]
(47, 20);[1144, 1166, 1189, 1191]
(47, 21);[1166, 1167, 1189, 1190, 1216]
(47, 25);[1193, 1217, 1239]
(47, 27);[1192, 1194]
(47, 29);[1193, 1218, 1241]
(47, 33);[1148, 1168, 1219]
(47, 36);[1169, 1197, 1198, 1220, 1221]
(47, 37);[1149, 1169, 1170, 1196, 1198, 1199, 1221]
(47, 38);[1169, 1170, 1196, 1197, 1199, 1200, 1221, 1243]
(47, 39);[1150, 1170, 1171, 1197, 1198, 1200, 1244]
(47, 40);[1171, 1172, 1198, 1199, 1222]
(47, 43);[1152, 1173, 1202, 1245]
(47, 44);[1153, 1173, 1174, 1201, 1246]
(47, 47);[1155, 1175, 1176, 1204, 1223, 1224, 1225]
(47, 49);[1156, 1176, 1177, 1203, 1225, 1226, 1249]
(48, 0);[1157, 1178, 1227, 1228]
(48, 3);[1179, 1180, 1207, 1208, 1229]
(48, 4);[1158, 1180, 1181, 1206, 1208, 1230]
(48, 5);[1159, 1180, 1181, 1206, 1207, 1209, 1230]
(48, 7);[1161, 1182, 1183, 1208, 1210, 1231]
(48, 9);[1183, 1184, 1209, 1211, 1231, 1232]
(48, 10);[1184, 1210, 1232]
(48, 14);[1163, 1186, 1213, 1233]
(48, 15);[1186, 1187, 1212, 1214, 1233, 1234]
(48, 17);[1165, 1187, 1188, 1213, 1215, 1234]
(48, 18);[1188, 1189, 1214, 1235]
(48, 22);[1167, 1191, 1236, 1237]
(48, 25);[1192, 1238, 1239]
(48, 29);[1194, 1240, 1241]
(48, 33);[1168, 1195, 1220, 1242]
(48, 35);[1196, 1219, 1221]
(48, 37);[1169, 1196, 1197, 1198, 1220, 1243]
(48, 41);[1172, 1200]
(48, 46);[1175, 1203, 1224, 1225, 1247]
(48, 47);[1203, 1223, 1225, 1226, 1248]
(48, 48);[1176, 1203, 1204, 1223, 1224, 1226, 1248, 1249]
(48, 49);[1177, 1204, 1224, 1225, 1248, 1249]
(49, 0);[1178, 1205, 1228, 1229]
(49, 1);[1205, 1227, 1229]
(49, 2);[1179, 1206, 1227, 1228]
(49, 5);[1181, 1207, 1208]
(49, 8);[1183, 1209, 1210, 1232]
(49, 9);[1184, 1210, 1211, 1231]
(49, 15);[1212, 1213, 1234]
(49, 16);[1187, 1213, 1214, 1233]
(49, 19);[1189, 1215]
(49, 22);[1216, 1237, 1238]
(49, 23);[1216, 1236, 1238, 1239]
(49, 24);[1217, 1236, 1237, 1239]
(49, 25);[1192, 1217, 1237, 1238]
(49, 28);[1218, 1241]
(49, 29);[1194, 1218, 1240]
(49, 32);[1219]
(49, 38);[1198, 1221, 1244]
(49, 39);[1199, 1243]
(49, 43);[1201, 1246, 1247]
(49, 44);[1202, 1245, 1247]
(49, 45);[1223, 1245, 1246]
(49, 48);[1224, 1225, 1226, 1249]
(49, 49);[1204, 1225, 1226, 1248]
